dev_tests/bartest_input/kinematics.ecsv
# %ECSV 1.0
# ---
# datatype:
# - {name: vbin_id, datatype: int64}
# - {name: v, datatype: float64}
# - {name: dv, datatype: float64}
# - {name: sigma, datatype: float64}
# - {name: dsigma, datatype: float64}
# - {name: h3, datatype: float64}
# - {name: dh3, datatype: float64}
# - {name: h4, datatype: float64}
# - {name: dh4, datatype: float64}
# meta: !!omap
# - PSF:
#     sigma: [1.6638]
#     weight: [1.0]
# schema: astropy-2.0
vbin_id v dv sigma dsigma h3 dh3 h4 dh4
[from data line 272]
273   -34.7208      6.234403      110.6888      6.234403      -0.01366      0.061422      -0.06836      0.063320     
274   -40.5791      6.223975      111.2518      6.223975      -0.09045      0.061385      -0.05427      0.063277     
275   19.73918      6.060831      122.2461      6.060831      -0.06344      0.060809      -0.04256      0.062605     
276   -26.2715      6.035976      119.3918      6.035976      0.023066      0.060721      -0.08943      0.062503     
277   -53.1963      6.406092      106.5621      6.406092      -0.03923      0.062028      -0.10240      0.064027     
278   -82.1332      7.367723      101.3806      7.367723      0.073901      0.065424      -0.11469      0.067987     
279   -4.74868      6.213647      111.5066      6.213647      -0.01822      0.061349      -0.10189      0.063234     
280   -53.0430      6.535483      101.1370      6.535483      0.005263      0.062485      -0.04896      0.064560     
281   56.38830      5.849570      109.9745      5.849570      0.032203      0.060063      -0.03877      0.061735     
282   -93.0509      8.316443      79.22775      8.316443      0.023190      0.068775      -0.12118      0.071894     
283   -58.1316      6.966602      106.7933      6.966602      -0.01739      0.064008      -0.07797      0.066335     
284   6.090581      6.367989      115.3193      6.367989      0.001954      0.061894      -0.03286      0.063870     
285   -81.5914      7.575336      97.11224      7.575336      -0.05593      0.066158      -0.12446      0.068842     
286   38.21695      6.350381      110.3707      6.350381      -0.01277      0.061832      -0.04314      0.063797     
287   42.43711      6.049059      117.7812      6.049059      -0.04212      0.060767      -0.02583      0.062556     
288   -98.1447      11.83901      50.62170      11.83901      -0.00253      0.081215      0.082769      0.086401     
289   -77.9306      7.760986      88.85971      7.760986      0.001660      0.066813      -0.09763      0.069607     
290   23.64333      6.488535      118.4664      6.488535      -0.06760      0.062319      -0.02627      0.064366     
291   -29.0876      6.517376      106.0886      6.517376      0.003757      0.062421      -0.03968      0.064485     
292   -40.9969      6.764714      104.8135      6.764714      -0.03789      0.063295      -0.06279      0.065504     
293   -119.824      10.20332      52.36356      10.20332      0.061841      0.075438      -0.06053      0.079665     
294   -45.9681      6.820449      108.9359      6.820449      -0.07085      0.063492      -0.02343      0.065733     
295   -23.4045      6.460393      107.4931      6.460393      -0.01658      0.062220      -0.11306      0.064250     
296   -79.7170      8.110319      82.93006      8.110319      0.025524      0.068047      -0.12860      0.071045     
297   -6.98438      6.735080      111.4784      6.735080      0.002496      0.063190      -0.01264      0.065382     
298   -105.374      9.053698      67.30318      9.053698      0.057413      0.071378      -0.13207      0.074930     
299   -55.0011      7.050499      110.7665      7.050499      -0.04640      0.064304      -0.03257      0.066681     
300   27.86780      6.795064      110.2382      6.795064      0.027964      0.063402      -0.01743      0.065629     
301   45.47937      6.668990      105.4678      6.668990      0.000843      0.062957      -0.00678      0.065109     
302   54.21984      6.156941      107.5375      6.156941      0.012194      0.061148      -0.08954      0.063001     
303   49.51303      5.986653      104.6772      5.986653      0.010798      0.060547      -0.01637      0.062299     
304   1.716311      7.095372      106.1123      7.095372      0.033490      0.064463      0.025759      0.066865     
305   61.81589      6.420460      111.8042      6.420460      0.045813      0.062079      -0.04909      0.064086     
306   -65.4600      7.357119      92.96671      7.357119      -0.03861      0.065387      -0.08760      0.067943     
307   -32.0526      7.007070      99.71046      7.007070      0.053305      0.064151      -0.06895      0.066502     
308   -38.1451      7.239502      94.37719      7.239502      -0.06825      0.064972      -0.07185      0.067459     
309   -95.0211      8.247206      67.22643      8.247206      0.030449      0.068530      -0.01677      0.071609     
310   -43.7407      7.218251      90.52615      7.218251      0.044462      0.064896      -0.01895      0.067371     
311   -69.3640      7.721517      93.59328      7.721517      0.053884      0.066674      -0.07552      0.069444     
312   -19.9942      7.274980      107.4626      7.274980      0.000410      0.065097      -0.04721      0.067605     
313   -85.1093      8.493664      78.16621      8.493664      -0.09459      0.069401      -0.10134      0.072624     
314   -44.0347      7.321636      95.66249      7.321636      -0.06240      0.065262      -0.08775      0.067797     
315   56.01995      7.214422      101.9518      7.214422      -0.07418      0.064883      0.050660      0.067356     
316   30.63799      7.455437      106.0696      7.455437      0.031153      0.065734      0.045927      0.068348     
317   65.64310      6.477630      98.17713      6.477630      -0.00745      0.062281      -0.04024      0.064321     
318   60.52226      6.928884      100.2526      6.928884      -0.00642      0.063875      -0.04124      0.066180     
319   -44.7733      7.462231      97.44534      7.462231      -0.09913      0.065758      -0.12111      0.068376     
320   59.95065      6.346506      97.38678      6.346506      0.033030      0.061818      -0.07754      0.063781     
321   60.43216      7.317518      101.6697      7.317518      -0.02723      0.065247      -0.01027      0.067780     
322   1.942651      7.809776      103.3683      7.809776      -0.03592      0.066985      -0.03185      0.069808     
323   67.37210      6.344573      101.2190      6.344573      0.032621      0.061811      -0.04805      0.063773     
324   -109.905      9.248774      68.58163      9.248774      0.022413      0.072067      -0.06889      0.075734     
325   -75.1559      7.797438      90.06877      7.797438      -0.01580      0.066942      -0.08146      0.069757     
326   -34.3073      7.489719      103.9823      7.489719      -0.05785      0.065855      -0.04585      0.068489     
327   -67.2088      7.621236      80.59244      7.621236      -0.02911      0.066320      -0.09348      0.069031     
328   -21.9628      7.626587      94.76104      7.626587      -0.07048      0.066339      -0.09282      0.069053     
329   45.94915      8.051913      99.31913      8.051913      -0.01813      0.067841      0.005318      0.070805     
330   67.74286      6.510657      97.43934      6.510657      0.052698      0.062398      -0.07696      0.064457     
331   59.48780      7.311363      96.11859      7.311363      0.049475      0.065225      0.010917      0.067755     
332   33.47555      8.048176      107.4396      8.048176      -0.02368      0.067827      -0.03485      0.070789     
333   71.95814      6.749809      85.84482      6.749809      0.028762      0.063242      0.006443      0.065442     
334   63.03241      6.963417      87.87845      6.963417      0.025388      0.063997      -0.00511      0.066322     
335   8.733711      7.966149      97.58635      7.966149      -0.07190      0.067538      0.005812      0.070452     
336   70.06068      6.783942      89.49286      6.783942      0.012116      0.063363      0.005145      0.065583     
337   73.89035      7.102409      81.30974      7.102409      0.038716      0.064487      -0.09121      0.066894     
338   47.77198      8.681259      91.23379      8.681259      -0.07921      0.070063      0.048833      0.073397     
339   71.30365      6.777041      87.19133      6.777041      0.071810      0.063338      0.006140      0.065554     
340   72.80048      6.916548      94.38651      6.916548      0.052400      0.063831      -0.06949      0.066129     
341   -58.0970      7.634106      87.16570      7.634106      0.022071      0.066365      -0.05606      0.069084     
342   -103.367      9.441327      75.37604      9.441327      0.020889      0.072747      -0.05275      0.076527     
343   -29.9535      7.879144      92.14931      7.879144      -0.04253      0.067230      -0.07722      0.070093     
344   69.60616      7.327834      87.82235      7.327834      0.000139      0.065283      -0.02844      0.067823     
345   -35.1055      8.056704      89.13435      8.056704      -0.05827      0.067858      -0.02073      0.070824     
346   -17.6541      9.002567      84.81968      9.002567      -0.04901      0.071198      -0.05229      0.074720     
347   70.86731      7.866500      92.09342      7.866500      -0.05770      0.067186      -0.05323      0.070041     
348   76.86910      6.998877      94.56659      6.998877      0.053469      0.064122      -0.00075      0.066468     
349   -40.8825      7.731236      86.14346      7.731236      -0.02524      0.066708      -0.05372      0.069484     
350   54.48903      8.253630      93.63478      8.253630      0.028288      0.068553      -0.01317      0.071635     
351   -79.2513      8.047136      78.81565      8.047136      -0.01082      0.067824      -0.06681      0.070785     
352   74.70649      7.818510      94.56635      7.818510      0.033331      0.067016      -0.08707      0.069843     
353   8.072415      8.931152      86.57312      8.931152      -0.01365      0.070946      0.024273      0.074426     
354   62.65835      7.156366      81.58347      7.156366      0.047136      0.064678      -0.00792      0.067117     
355   -84.9572      8.410215      67.19977      8.410215      -0.04703      0.069106      -0.01801      0.072280     
356   -20.6838      9.170790      67.33836      9.170790      -0.05109      0.071792      0.000500      0.075413     
357   -55.9320      8.175935      71.98027      8.175935      0.040003      0.068279      -0.01790      0.071315     
358   -78.5210      8.363126      76.42901      8.363126      -0.09821      0.068940      -0.08511      0.072086     
359   24.80459      9.010565      85.04051      9.010565      0.053366      0.071226      -0.01146      0.074753     
360   73.05119      7.572891      88.82451      7.572891      0.031381      0.066149      -0.04205      0.068832     
361   2.709663      9.144898      86.98942      9.144898      -0.01678      0.071701      -0.08110      0.075306     
362   -67.2812      8.147867      74.49054      8.147867      -0.04069      0.068179      -0.06610      0.071200     
363   -45.4458      8.118030      77.24953      8.118030      -0.10810      0.068074      -0.06694      0.071077     
364   -119.623      11.33326      60.37840      11.33326      0.077669      0.079429      -0.06334      0.084318     
365   67.40447      9.142419      83.21943      9.142419      0.007087      0.071692      -0.00153      0.075296     
366   65.00507      7.572891      89.47444      7.572891      0.109602      0.066149      -0.01629      0.068832     
367   75.47315      7.342403      82.59562      7.342403      0.035016      0.065335      0.000653      0.067883     
368   77.43139      7.858098      92.03907      7.858098      -0.03144      0.067156      -0.07549      0.070007     
369   -39.8378      8.423058      78.11383      8.423058      -0.04668      0.069151      -0.05438      0.072333     
370   59.27752      9.149260      79.11056      9.149260      -0.04086      0.071716      -0.02772      0.075324     
371   81.05340      7.355008      89.73906      7.355008      -0.01802      0.065379      -0.06784      0.067935     
372   70.12763      7.541462      91.65290      7.541462      0.128247      0.066038      -0.08761      0.068703     
373   -94.2038      8.840000      61.17195      8.840000      0.057991      0.070624      -0.08684      0.074050     
374   -71.7673      8.318728      72.77874      8.318728      -0.00157      0.068783      -0.12991      0.071904     
375   24.13780      9.807119      75.70614      9.807119      -0.00736      0.074039      0.033199      0.078033     
376   56.88296      9.308872      78.35751      9.308872      -0.00967      0.072280      -0.00947      0.075981     
377   67.85611      9.071963      85.48972      9.071963      -0.00289      0.071443      -0.15816      0.075006     
378   69.53820      7.753538      81.98032      7.753538      -0.01392      0.066787      -0.07576      0.069576     
379   76.30117      7.570808      79.83840      7.570808      0.056978      0.066142      -0.13454      0.068823     
380   63.72031      8.374472      76.37417      8.374472      0.041220      0.068980      0.019781      0.072133     
381   75.65935      7.635212      83.88886      7.635212      0.058690      0.066369      -0.01629      0.069089     
382   -42.2134      9.192329      75.46701      9.192329      -0.03826      0.071868      0.001382      0.075501     
383   -102.659      8.927836      61.40551      8.927836      0.024331      0.070934      0.077903      0.074412     
384   -7.53266      10.01605      69.91355      10.01605      -0.13011      0.074777      0.046590      0.078894     
385   12.92039      10.02081      70.29035      10.02081      -0.08288      0.074794      0.003191      0.078913     
386   -53.0306      8.594951      68.03917      8.594951      -0.01284      0.069758      -0.07152      0.073041     
387   -37.3095      9.761141      66.98128      9.761141      0.017430      0.073877      0.024565      0.077844     
388   77.72551      8.165545      77.85249      8.165545      0.058746      0.068242      0.075669      0.071273     
389   75.59769      7.635953      69.94823      7.635953      0.054462      0.066372      -0.06916      0.069092     
390   -77.2761      8.619232      62.27809      8.619232      -0.08251      0.069844      -0.01210      0.073141     
391   77.20371      7.595036      83.45393      7.595036      0.095590      0.066227      -0.04025      0.068923     
392   66.01616      9.343403      68.25406      9.343403      0.025043      0.072402      -0.02407      0.076123     
393   79.33568      8.268394      76.45469      8.268394      0.074675      0.068605      -0.02228      0.071696     
394   81.29734      9.565775      78.44655      9.565775      -0.03329      0.073187      -0.09941      0.077039     
395   87.28002      7.700568      85.17375      7.700568      0.088704      0.066600      -0.00607      0.069358     
396   -14.4152      10.18914      69.49428      10.18914      -0.11028      0.075388      0.027467      0.079606     
397   -65.7473      8.554852      63.22196      8.554852      -0.02977      0.069617      -0.06250      0.072876     
398   2.264290      10.16554      66.34799      10.16554      -0.02698      0.075305      0.003315      0.079509     
399   71.14517      9.019886      72.60957      9.019886      0.028841      0.071259      0.004355      0.074791     
400   78.61116      7.781134      79.46276      7.781134      0.059293      0.066884      -0.03780      0.069690     
401   -77.8507      9.260557      64.59969      9.260557      0.026494      0.072109      -0.02943      0.075782     
402   45.45936      10.17222      67.07053      10.17222      0.017107      0.075329      0.021034      0.079537     
403   -77.0799      8.956067      63.79383      8.956067      0.024716      0.071034      -0.03512      0.074528     
404   -47.3495      9.244603      65.25857      9.244603      -0.06019      0.072053      -0.01461      0.075717     
405   -64.3226      9.050184      50.08392      9.050184      -0.03100      0.071366      -0.05349      0.074916     
406   63.42918      10.65019      63.31777      10.65019      0.012765      0.077017      -0.04121      0.081505     
