dev_tests/bartest_input/kinematics.ecsv
# %ECSV 1.0
# ---
# datatype:
# - {name: vbin_id, datatype: int64}
# - {name: v, datatype: float64}
# - {name: dv, datatype: float64}
# - {name: sigma, datatype: float64}
# - {name: dsigma, datatype: float64}
# - {name: h3, datatype: float64}
# - {name: dh3, datatype: float64}
# - {name: h4, datatype: float64}
# - {name: dh4, datatype: float64}
# meta: !!omap
# - PSF:
#     sigma: [1.6638]
#     weight: [1.0]
# schema: astropy-2.0
vbin_id v dv sigma dsigma h3 dh3 h4 dh4
[from data line 136]
137   -45.3446      9.953573      76.43623      9.953573      0.013930      0.074556      -0.00813      0.078636     
138   -61.5356      9.133954      75.30144      9.133954      -0.00778      0.071662      -0.02542      0.075261     
139   -59.0602      7.754117      96.91296      7.754117      -0.11032      0.066789      -0.07384      0.069578     
140   -59.6205      6.396158      101.6162      6.396158      0.003193      0.061993      -0.01037      0.063986     
141   -58.9409      6.603895      101.3140      6.603895      -0.02191      0.062727      -0.04949      0.064841     
142   40.28840      9.605989      74.16033      9.605989      0.048445      0.073329      -0.01275      0.077205     
143   29.05215      10.50406      68.02191      10.50406      -0.03307      0.076500      -0.09231      0.080903     
144   17.67036      11.80510      61.03401      11.80510      0.058037      0.081095      -0.03570      0.086261     
145   53.27909      9.088087      71.37194      9.088087      0.013915      0.071500      0.019629      0.075072     
146   76.28985      8.039995      77.76275      8.039995      -0.02082      0.067799      -0.13790      0.070756     
147   62.65914      7.679062      78.81103      7.679062      0.030161      0.066524      -0.02213      0.069269     
148   72.76270      8.768267      80.51751      8.768267      0.010107      0.070370      -0.08881      0.073755     
149   68.41763      7.487409      88.48519      7.487409      0.022068      0.065847      0.022522      0.068480     
150   70.16479      7.311363      86.17876      7.311363      -0.05546      0.065225      -0.05831      0.067755     
151   -10.1974      12.17614      54.79770      12.17614      0.019777      0.082406      0.026130      0.087790     
152   -30.6315      11.68013      59.87179      11.68013      -0.00873      0.080654      -0.00690      0.085747     
153   -37.2688      11.50735      60.66019      11.50735      -0.00138      0.080044      -0.07413      0.085035     
154   -62.4983      7.747022      86.96930      7.747022      0.008402      0.066764      -0.11748      0.069549     
155   -5.86285      12.04365      37.79598      12.04365      0.017040      0.081938      0.124170      0.087244     
156   -71.1688      9.255853      80.47465      9.255853      -0.03397      0.072092      -0.00236      0.075763     
157   -79.7225      9.640430      72.80325      9.640430      -0.07065      0.073451      0.039014      0.077347     
158   -79.1909      8.614418      87.67731      8.614418      -0.01672      0.069827      -0.08197      0.073121     
159   -71.3237      6.852178      94.41042      6.852178      0.006079      0.063604      -0.01442      0.065864     
160   -49.3298      5.653325      111.8120      5.653325      -0.02165      0.059370      -0.11769      0.060927     
161   56.33920      10.12639      58.80899      10.12639      -0.02777      0.075167      -0.04054      0.079348     
162   24.45166      11.86032      56.79394      11.86032      0.014948      0.081290      0.022188      0.086489     
163   4.246971      13.27325      44.99942      13.27325      0.117127      0.086280      0.011687      0.092308     
164   -51.6970      12.31629      46.27529      12.31629      -0.00649      0.082900      -0.08018      0.088367     
165   -81.8360      7.141770      94.83504      7.141770      0.044891      0.064626      -0.03436      0.067056     
166   -35.3244      5.043851      117.7336      5.043851      0.044771      0.057217      -0.04957      0.058417     
167   -63.1980      5.854360      109.1290      5.854360      -0.05548      0.060080      -0.02301      0.061755     
168   -63.8470      11.12038      56.80477      11.12038      -0.01552      0.078677      0.012286      0.083442     
169   -82.1484      9.097052      74.04925      9.097052      0.020946      0.071532      0.005624      0.075109     
170   -89.3854      7.614993      86.10628      7.614993      -0.02164      0.066298      -0.06471      0.069005     
171   -37.9899      5.260375      112.2961      5.260375      -0.05238      0.057982      -0.04859      0.059308     
172   -88.1002      8.173944      89.80266      8.173944      -0.09240      0.068272      -0.11885      0.071307     
173   -58.1558      6.144029      102.5620      6.144029      -0.08407      0.061103      0.027243      0.062948     
174   -17.0958      4.692688      122.5253      4.692688      -0.06495      0.055977      0.007785      0.056970     
175   -51.4609      5.550658      106.0575      5.550658      -0.03724      0.059007      -0.02878      0.060504     
176   -26.6342      4.869066      117.7287      4.869066      -0.05409      0.056600      -0.01740      0.057697     
177   -80.9472      6.725797      99.08869      6.725797      -0.06777      0.063157      0.006139      0.065343     
178   -82.6294      8.900404      80.00062      8.900404      -0.04644      0.070837      -0.18948      0.074299     
179   -45.3936      5.883611      98.57311      5.883611      -0.12863      0.060183      0.053280      0.061875     
180   -42.5767      5.131601      115.8436      5.131601      -0.06388      0.057527      0.027391      0.058778     
181   -76.7909      10.09270      69.03036      10.09270      -0.03020      0.075048      -0.03911      0.079209     
182   -83.5922      7.426353      91.06624      7.426353      -0.04447      0.065631      -0.01941      0.068228     
183   -3.53244      4.514748      125.3905      4.514748      -0.02796      0.055349      0.012660      0.056238     
184   -51.8362      5.365653      111.8781      5.365653      -0.08392      0.058354      -0.00821      0.059742     
185   -15.7088      4.653771      118.8401      4.653771      -0.00991      0.055840      0.024175      0.056810     
186   -70.8718      6.273523      102.5516      6.273523      -0.03997      0.061560      -0.01824      0.063481     
187   -26.9572      4.828944      117.5530      4.828944      -0.01198      0.056459      0.013604      0.057532     
188   -50.6870      5.749952      104.0446      5.749952      -0.10289      0.059711      -0.02036      0.061325     
189   -44.8574      12.67272      54.11146      12.67272      -0.07384      0.084159      0.070922      0.089835     
190   -75.6277      12.51390      43.13149      12.51390      -0.10107      0.083598      0.062249      0.089180     
191   -99.1848      9.658088      72.75063      9.658088      0.049512      0.073513      0.029997      0.077419     
192   -82.4801      7.632619      81.16187      7.632619      0.023929      0.066360      0.010508      0.069078     
193   -67.1839      6.676584      94.61775      6.676584      -0.03409      0.062984      -0.05321      0.065141     
194   -38.7078      5.075876      118.2840      5.075876      -0.04475      0.057331      -0.00618      0.058549     
195   -84.3614      8.701781      90.02214      8.701781      0.033465      0.070136      -0.09158      0.073481     
196   -75.0779      6.176611      107.7933      6.176611      -0.03058      0.061218      -0.05324      0.063082     
197   -76.0557      7.114811      95.76706      7.114811      -0.03138      0.064531      -0.07487      0.066945     
198   -38.9421      5.302033      113.0795      5.302033      -0.03872      0.058129      -0.04834      0.059480     
199   -86.2624      10.81812      62.22289      10.81812      0.035174      0.077610      -0.08651      0.082197     
200   -56.6895      5.622069      109.3352      5.622069      -0.07986      0.059259      0.040070      0.060798     
201   -88.1487      7.384852      94.34732      7.384852      -0.04655      0.065485      -0.08346      0.068058     
202   -24.6765      4.762631      124.3416      4.762631      -0.07448      0.056224      -0.02522      0.057259     
203   -13.9357      4.681780      128.4209      4.681780      -0.06751      0.055939      0.017859      0.056926     
204   -30.7149      4.905847      125.2824      4.905847      -0.01455      0.056730      -0.01722      0.057848     
205   2.223494      4.690191      132.3260      4.690191      -0.04231      0.055968      0.001140      0.056960     
206   -51.2379      5.943599      103.5890      5.943599      -0.06405      0.060395      0.031135      0.062122     
207   -34.9475      5.132602      119.5933      5.132602      -0.02217      0.057531      0.015084      0.058782     
208   6.317746      4.744267      133.5208      4.744267      0.075218      0.056159      -0.05327      0.057183     
209   -42.3540      5.363606      120.7064      5.363606      -0.04464      0.058347      -0.05525      0.059734     
210   -87.7453      10.53910      67.12497      10.53910      0.077565      0.076624      0.046572      0.081048     
211   -87.7880      7.502341      97.92465      7.502341      -0.02841      0.065900      -0.10246      0.068541     
212   -65.7587      6.369963      110.8889      6.369963      -0.06218      0.061901      0.025187      0.063878     
213   -66.8719      11.98236      48.26140      11.98236      -0.07519      0.081721      -0.00523      0.086991     
214   -44.2753      5.710049      115.1663      5.710049      -0.07056      0.059570      -0.00289      0.061160     
215   -78.7779      6.993986      99.56634      6.993986      -0.10110      0.064104      -0.08862      0.066448     
216   -97.5109      8.602953      82.47896      8.602953      0.005200      0.069787      -0.02347      0.073074     
217   -51.7017      12.24506      35.56827      12.24506      -0.08294      0.082649      0.088235      0.088073     
218   -96.6455      9.420542      81.48815      9.420542      -0.04914      0.072674      -0.04577      0.076441     
219   -44.9457      5.985278      97.49388      5.985278      -0.15337      0.060542      0.026583      0.062294     
220   -66.3235      6.358173      116.4977      6.358173      -0.06517      0.061859      -0.03996      0.063829     
221   -31.5156      5.111396      124.0213      5.111396      0.001282      0.057456      0.011848      0.058695     
222   -35.6011      5.279083      111.5644      5.279083      0.017523      0.058048      0.042762      0.059385     
223   -87.5970      7.536684      102.2581      7.536684      0.028341      0.066021      -0.08029      0.068683     
224   -77.8654      6.647728      108.1920      6.647728      -0.04780      0.062882      -0.12168      0.065022     
225   -20.8901      4.935839      126.0099      4.935839      0.074295      0.056836      -0.03668      0.057972     
226   -36.3776      5.505628      114.4640      5.505628      -0.05544      0.058848      0.064112      0.060318     
227   -14.5259      4.979590      130.4126      4.979590      0.040006      0.056991      -0.05144      0.058152     
228   -47.8509      5.762923      107.4778      5.762923      -0.05638      0.059757      0.017290      0.061378     
229   -96.3153      8.262976      93.61782      8.262976      0.022563      0.068586      -0.08780      0.071674     
230   -51.9391      6.023059      120.7475      6.023059      -0.05428      0.060676      -0.05394      0.062449     
231   -3.25763      5.002816      137.5848      5.002816      -0.03117      0.057073      -0.06291      0.058248     
232   -90.1870      6.942901      107.1379      6.942901      -0.05845      0.063924      -0.06283      0.066237     
233   -110.763      10.92253      54.25286      10.92253      0.022443      0.077978      -0.02748      0.082627     
234   -88.7626      7.705898      95.68272      7.705898      -0.00011      0.066619      -0.13631      0.069380     
235   -58.9412      6.288105      106.7121      6.288105      -0.04637      0.061612      -0.03743      0.063541     
236   -113.843      9.394586      59.34348      9.394586      0.013714      0.072582      -0.02153      0.076334     
237   -102.668      9.221401      79.08599      9.221401      0.040418      0.071971      -0.03279      0.075621     
238   8.196772      5.115294      131.6807      5.115294      0.034390      0.057470      -0.00271      0.058711     
239   -38.8237      5.469871      118.1196      5.469871      0.033571      0.058722      -0.04831      0.060171     
240   -38.6820      5.631424      118.4689      5.631424      -0.03126      0.059293      -0.04448      0.060836     
241   -31.0695      5.345416      115.7939      5.345416      0.022527      0.058282      -0.03832      0.059659     
242   -48.3462      5.967586      104.8374      5.967586      -0.03984      0.060480      -0.05004      0.062221     
243   -25.6795      5.283987      128.1082      5.283987      -0.00153      0.058066      -0.02697      0.059406     
244   24.97386      5.206343      126.0389      5.206343      -0.03508      0.057791      -0.04123      0.059086     
245   -48.4287      6.084791      109.6517      6.084791      -0.14216      0.060894      0.011496      0.062704     
246   -10.2080      5.358849      125.8120      5.358849      -0.04592      0.058330      -0.02268      0.059714     
247   -97.0906      8.300529      86.94626      8.300529      -0.03601      0.068719      -0.13564      0.071829     
248   -55.8423      6.360129      112.0237      6.360129      -0.07169      0.061866      -0.03318      0.063837     
249   -83.3700      7.317518      98.04626      7.317518      -0.06626      0.065247      -0.11649      0.067780     
250   -75.6199      6.844898      113.1046      6.844898      0.047086      0.063578      -0.06566      0.065834     
251   2.357078      5.451416      133.4973      5.451416      0.041612      0.058657      -0.05994      0.060095     
252   -86.2011      7.656421      94.35295      7.656421      0.027624      0.066444      -0.08814      0.069176     
253   -114.809      9.101637      72.05081      9.101637      0.058253      0.071548      -0.02358      0.075128     
254   -70.1004      7.098886      108.7162      7.098886      -0.08350      0.064475      -0.12138      0.066880     
255   40.13298      5.344085      123.5213      5.344085      -0.03670      0.058278      -0.01462      0.059653     
256   -38.1110      5.934427      112.4136      5.934427      -0.03231      0.060363      -0.05952      0.062084     
257   -35.1337      5.759663      118.7002      5.759663      -0.00032      0.059745      -0.03409      0.061365     
258   23.09392      5.560999      132.4031      5.560999      -0.04243      0.059044      -0.07667      0.060546     
259   -53.2100      6.025915      110.1587      6.025915      -0.01093      0.060686      -0.04349      0.062461     
260   -29.1386      5.695781      115.6538      5.695781      -0.03759      0.059520      -0.01311      0.061101     
261   -45.9809      6.317862      107.0065      6.317862      -0.02245      0.061717      0.000199      0.063663     
262   -15.6122      5.721421      118.5958      5.721421      -0.01159      0.059610      -0.08630      0.061207     
263   -92.0391      8.047136      94.34406      8.047136      -0.00356      0.067824      -0.06947      0.070785     
264   -55.0060      6.471136      112.1272      6.471136      0.010470      0.062258      -0.12969      0.064295     
265   9.913612      5.773874      125.9871      5.773874      0.002974      0.059796      -0.01473      0.061423     
266   30.73161      5.702887      127.7593      5.702887      -0.00595      0.059545      0.026300      0.061131     
267   38.31906      5.574103      115.4311      5.574103      -0.03888      0.059090      0.000674      0.060600     
268   -107.028      9.341924      76.60928      9.341924      -0.04264      0.072396      -0.00517      0.076117     
269   17.31058      5.968936      127.8200      5.968936      0.002321      0.060484      -0.01600      0.062226     
270   31.66538      5.855561      113.0409      5.855561      0.025774      0.060084      0.001235      0.061760     
271   -104.714      10.52241      47.70271      10.52241      0.113937      0.076565      0.021996      0.080979     
