dev_tests/bartest_input/kinematics.ecsv
# %ECSV 1.0
# ---
# datatype:
# - {name: vbin_id, datatype: int64}
# - {name: v, datatype: float64}
# - {name: dv, datatype: float64}
# - {name: sigma, datatype: float64}
# - {name: dsigma, datatype: float64}
# - {name: h3, datatype: float64}
# - {name: dh3, datatype: float64}
# - {name: h4, datatype: float64}
# - {name: dh4, datatype: float64}
# meta: !!omap
# - PSF:
#     sigma: [1.6638]
#     weight: [1.0]
# schema: astropy-2.0
vbin_id v dv sigma dsigma h3 dh3 h4 dh4
[from data line 407]
408   90.45322      9.180874      73.49348      9.180874      -0.03227      0.071828      -0.02699      0.075454     
409   84.14617      8.165676      82.04839      8.165676      0.008382      0.068242      0.007876      0.071273     
410   79.28307      8.079753      77.31733      8.079753      0.013877      0.067939      -0.05938      0.070919     
411   96.15780      8.707382      77.69734      8.707382      -0.03152      0.070155      -0.09464      0.073504     
412   73.06685      8.478349      71.03087      8.478349      0.009002      0.069347      -0.00831      0.072561     
413   85.83826      8.066326      65.54687      8.066326      0.008899      0.067891      -0.04792      0.070864     
414   -11.2318      11.44667      57.67831      11.44667      -0.08494      0.079829      0.066738      0.084785     
415   -49.4004      10.04355      57.83958      10.04355      -0.03672      0.074874      -0.01698      0.079007     
416   -33.5063      10.59762      56.88245      10.59762      -0.11499      0.076831      -0.07298      0.081289     
417   86.26171      10.63965      74.12385      10.63965      0.059999      0.076979      0.072045      0.081462     
418   76.12494      8.063891      70.05893      8.063891      0.039561      0.067883      -0.06626      0.070854     
419   3.097884      11.78610      58.91174      11.78610      0.045538      0.081028      0.008948      0.086183     
420   91.87194      8.922380      71.64168      8.922380      -0.02995      0.070915      -0.00131      0.074390     
421   -72.6665      9.984973      62.42741      9.984973      0.031571      0.074667      0.017453      0.078766     
422   52.68118      10.03959      62.37968      10.03959      0.039364      0.074860      0.008785      0.078991     
423   68.24757      8.765084      67.87281      8.765084      0.022246      0.070359      -0.02303      0.073742     
424   67.93745      9.210601      71.28659      9.210601      0.029426      0.071933      0.049704      0.075577     
425   87.89127      9.664810      64.41073      9.664810      -0.01620      0.073537      -0.02442      0.077447     
426   -57.3295      10.82426      51.64418      10.82426      -0.03902      0.077631      0.031763      0.082222     
427   -81.6080      9.331447      57.33268      9.331447      -0.04455      0.072359      -0.08734      0.076074     
428   64.45497      10.81782      53.18497      10.81782      -0.01919      0.077609      -0.00352      0.082196     
429   41.36205      11.42327      54.93887      11.42327      0.038187      0.079747      -0.00942      0.084689     
430   25.66330      12.43113      53.36321      12.43113      0.054859      0.083306      0.117225      0.088840     
431   104.9288      9.502336      68.59155      9.502336      -0.08589      0.072963      -0.01062      0.076778     
432   92.24464      10.13919      58.62310      10.13919      -0.00088      0.075212      -0.00894      0.079401     
433   80.61138      8.491428      72.58571      8.491428      0.007064      0.069393      -0.04786      0.072615     
434   94.46076      8.534718      69.62570      8.534718      -0.00426      0.069546      -0.01984      0.072793     
435   105.2648      8.750272      69.13228      8.750272      -0.00088      0.070307      -0.06866      0.073681     
436   87.22178      8.654445      73.61148      8.654445      -0.05103      0.069968      -0.06278      0.073286     
437   100.8266      10.44852      70.35419      10.44852      -0.18836      0.076304      -0.00809      0.080675     
438   84.50570      8.725083      60.95374      8.725083      0.048700      0.070218      0.013151      0.073577     
439   50.63873      11.43611      46.51055      11.43611      0.031865      0.079792      -0.00809      0.084742     
440   68.69600      10.46718      61.60078      10.46718      0.017035      0.076370      -0.06164      0.080752     
441   97.77798      9.136685      71.26113      9.136685      0.044452      0.071672      -0.05133      0.075272     
442   93.39496      8.750272      65.53979      8.750272      0.035352      0.070307      -0.00400      0.073681     
443   111.5070      9.822207      75.92736      9.822207      0.016075      0.074092      -0.09294      0.078095     
444   84.38660      9.166715      58.99680      9.166715      0.047754      0.071778      -0.05942      0.075396     
445   90.13704      9.079597      67.03361      9.079597      0.037599      0.071470      -0.02808      0.075037     
446   99.71137      10.43187      63.09538      10.43187      -0.00554      0.076246      -0.06027      0.080606     
447   -9.18258      12.47994      37.02536      12.47994      -0.11276      0.083478      0.112298      0.089041     
448   86.70841      12.11382      49.29098      12.11382      -0.02617      0.082185      -0.02586      0.087533     
449   -27.0790      12.31152      43.61561      12.31152      -0.13870      0.082884      0.018417      0.088347     
450   -79.1009      10.58598      55.79859      10.58598      0.020070      0.076790      -0.04574      0.081241     
451   -34.1411      11.07660      56.76382      11.07660      -0.12238      0.078522      -0.03182      0.083261     
452   -98.6493      9.636982      50.74059      9.636982      0.002299      0.073438      -0.10638      0.077332     
453   -83.0181      9.839463      56.98541      9.839463      0.013390      0.074153      -0.02658      0.078166     
454   15.27890      12.99833      48.29879      12.99833      -0.02332      0.085309      0.060043      0.091176     
455   64.45912      12.03145      46.69486      12.03145      -0.03469      0.081895      0.059475      0.087194     
456   32.96691      12.25631      47.78042      12.25631      0.011453      0.082689      0.001628      0.088120     
457   105.3650      10.02720      66.09876      10.02720      -0.04513      0.074816      -0.04029      0.078940     
458   87.74315      10.98274      39.43183      10.98274      -0.05125      0.078191      0.041966      0.082875     
459   -67.2709      11.38331      43.05200      11.38331      0.014404      0.079606      0.040487      0.084524     
460   94.63144      9.213197      53.46521      9.213197      0.006984      0.071942      -0.04696      0.075587     
461   102.5263      9.401274      62.32365      9.401274      -3.17106      0.072606      -0.10480      0.076362     
462   -71.3014      10.18312      54.98945      10.18312      -0.04896      0.075367      0.042074      0.079582     
463   111.4089      10.31190      62.96323      10.31190      -0.04394      0.075822      -0.04219      0.080112     
464   65.28220      11.18121      45.61443      11.18121      0.046312      0.078892      -0.01163      0.083692     
465   112.5739      11.87757      63.89210      11.87757      -0.09758      0.081351      -0.06471      0.086560     
466   92.18372      9.363357      54.42900      9.363357      -0.00648      0.072472      -0.06327      0.076206     
467   88.48262      10.36137      49.01971      10.36137      0.022174      0.075997      0.014189      0.080316     
468   85.65866      10.12220      59.81306      10.12220      -0.00260      0.075152      -0.06189      0.079331     
469   90.63440      12.79307      47.16718      12.79307      0.058893      0.084584      0.033499      0.090330     
470   44.75333      13.33664      57.25942      13.33664      0.034351      0.086504      0.045224      0.092569     
471   64.46645      12.33791      42.72252      12.33791      0.019235      0.082977      0.002864      0.088456     
472   84.05125      10.86725      51.93156      10.86725      -0.00617      0.077783      0.003112      0.082399     
473   50.21517      12.68503      48.15896      12.68503      0.007060      0.084203      -0.01835      0.089885     
474   -73.2890      11.72932      54.37561      11.72932      -0.07615      0.080828      -0.01396      0.085949     
475   -51.9591      12.16515      54.69556      12.16515      -0.14547      0.082367      0.012124      0.087744     
476   84.81116      12.62024      49.43136      12.62024      -0.08444      0.083974      -0.02944      0.089618     
