dev_tests/bartest_input/kinematics.ecsv
# %ECSV 1.0
# ---
# datatype:
# - {name: vbin_id, datatype: int64}
# - {name: v, datatype: float64}
# - {name: dv, datatype: float64}
# - {name: sigma, datatype: float64}
# - {name: dsigma, datatype: float64}
# - {name: h3, datatype: float64}
# - {name: dh3, datatype: float64}
# - {name: h4, datatype: float64}
# - {name: dh4, datatype: float64}
# meta: !!omap
# - PSF:
#     sigma: [1.6638]
#     weight: [1.0]
# schema: astropy-2.0
vbin_id v dv sigma dsigma h3 dh3 h4 dh4
1     2.267384      4.577254      127.2837      4.577254      0.093923      0.055570      0.026283      0.056495     
2     11.78809      4.501995      128.8713      4.501995      0.006619      0.055304      0.009436      0.056185     
3     14.96200      4.615893      124.1598      4.615893      0.096079      0.055706      0.006597      0.056654     
4     20.25925      4.649816      124.0696      4.649816      0.008329      0.055826      0.049704      0.056794     
5     22.46646      4.678598      126.5727      4.678598      0.025936      0.055928      0.010533      0.056912     
6     7.788687      4.593710      131.4523      4.593710      0.085883      0.055628      -0.00988      0.056563     
7     22.37592      4.720915      126.4575      4.720915      0.035938      0.056077      0.012379      0.057087     
8     3.055451      4.489900      126.2515      4.489900      -0.00160      0.055261      0.018793      0.056135     
9     24.14475      4.809063      119.0702      4.809063      0.068102      0.056388      -0.00208      0.057450     
10    9.568137      4.802377      121.0910      4.802377      0.007906      0.056365      -0.00385      0.057422     
11    34.51531      4.803285      117.1360      4.803285      -0.03929      0.056368      -0.00256      0.057426     
12    21.85548      4.857712      124.0432      4.857712      0.037870      0.056560      0.033791      0.057650     
13    32.32437      4.932478      120.8444      4.932478      -0.01166      0.056824      -0.00167      0.057958     
14    28.69564      4.950610      116.4924      4.950610      -0.01646      0.056888      0.021825      0.058033     
15    3.970991      4.837850      130.2202      4.837850      0.045964      0.056490      -0.02557      0.057568     
16    37.57623      5.058100      119.1085      5.058100      0.003181      0.057268      -0.03628      0.058475     
17    39.68902      5.054062      118.0207      5.054062      0.018933      0.057254      0.020621      0.058459     
18    22.34662      5.145228      119.0777      5.145228      0.021123      0.057575      -0.01914      0.058834     
19    6.315507      5.147781      127.5935      5.147781      0.074306      0.057584      0.026933      0.058845     
20    38.48872      5.193158      116.9605      5.193158      0.054514      0.057745      -0.04523      0.059032     
21    29.25839      5.187733      121.6843      5.187733      0.033406      0.057726      -0.00301      0.059009     
22    40.50571      5.168533      118.2468      5.168533      0.088687      0.057658      -0.04419      0.058930     
23    21.50214      4.952528      128.4570      4.952528      0.034587      0.056895      -0.06380      0.058041     
24    23.08984      4.823286      132.8313      4.823286      0.008420      0.056439      0.010580      0.057508     
25    34.09636      5.153944      113.5611      5.153944      -0.00852      0.057606      0.042131      0.058870     
26    50.99395      5.296387      112.8031      5.296387      -0.02827      0.058109      0.023713      0.059457     
27    48.09176      5.303293      112.5986      5.303293      0.087036      0.058134      -0.00797      0.059485     
28    47.18486      5.346749      114.9931      5.346749      0.013546      0.058287      -0.00887      0.059664     
29    47.93312      5.378050      109.5180      5.378050      -0.02953      0.058398      0.032069      0.059793     
30    49.55793      5.436349      111.5380      5.436349      0.091116      0.058604      0.003177      0.060033     
31    41.34935      5.427441      104.5543      5.427441      0.008202      0.058572      0.049068      0.059996     
32    55.49872      5.613735      109.0513      5.613735      0.050600      0.059230      -0.01866      0.060764     
33    52.27426      5.529512      106.3200      5.529512      0.032569      0.058933      0.021523      0.060417     
34    40.41240      5.483199      113.6013      5.483199      0.019726      0.058769      -0.00642      0.060226     
35    51.47591      5.635193      107.8052      5.635193      0.040570      0.059306      0.004138      0.060852     
36    25.44015      5.542136      120.5720      5.542136      -0.03228      0.058977      -0.06422      0.060469     
37    44.59520      5.596398      103.0140      5.596398      0.004813      0.059169      0.000648      0.060692     
38    59.40881      5.723504      106.0931      5.723504      0.018658      0.059618      -0.01342      0.061216     
39    39.26955      5.582063      112.7858      5.582063      0.034270      0.059118      0.034507      0.060633     
40    8.359618      5.540442      119.2981      5.540442      0.060808      0.058971      0.028990      0.060462     
41    52.57222      5.768382      113.8561      5.768382      -0.00362      0.059776      -0.02124      0.061400     
42    44.99595      5.738220      108.2499      5.738220      0.063063      0.059670      -0.00070      0.061276     
43    2.543850      5.578516      117.1663      5.578516      -0.02017      0.059106      0.023148      0.060619     
44    -5.00728      5.202473      126.1127      5.202473      0.013490      0.057778      -0.00606      0.059070     
45    12.90746      5.906149      110.6566      5.906149      0.102910      0.060263      0.006298      0.061968     
46    -6.43394      4.600226      126.1688      4.600226      -0.04539      0.055651      0.051081      0.056590     
47    7.628982      6.113988      126.1432      6.113988      -0.03008      0.060997      -0.04156      0.062824     
48    -8.92028      4.938090      138.6062      4.938090      -0.00799      0.056844      -0.01240      0.057981     
49    -0.34585      5.699834      130.7536      5.699834      0.012600      0.059534      -0.04188      0.061118     
50    24.56750      5.901095      114.9970      5.901095      -0.02004      0.060245      -0.00702      0.061947     
51    1.601962      4.461863      132.2252      4.461863      -0.00586      0.055162      0.004376      0.056020     
52    -2.78024      6.038868      123.1059      6.038868      0.015902      0.060731      -0.04975      0.062514     
53    -20.5225      5.345416      119.6783      5.345416      0.031958      0.058282      -0.06383      0.059659     
54    49.25802      5.942284      103.9972      5.942284      0.005139      0.060390      0.019582      0.062117     
55    45.97416      5.997714      104.0694      5.997714      0.031213      0.060586      -0.06838      0.062345     
56    64.42699      5.876214      104.3021      5.876214      0.058021      0.060157      -0.06775      0.061845     
57    62.43257      5.871314      105.6388      5.871314      0.042278      0.060140      -0.07562      0.061824     
58    55.74494      5.873761      110.9011      5.873761      0.092047      0.060148      0.004104      0.061834     
59    57.92446      5.942284      106.2402      5.942284      0.074622      0.060390      -0.00377      0.062117     
60    14.61815      6.471136      115.0990      6.471136      0.046214      0.062258      -0.03098      0.064295     
61    -0.65535      6.542346      117.4145      6.542346      0.130617      0.062509      0.052879      0.064588     
62    22.62519      6.310347      103.9050      6.310347      0.048855      0.061690      0.052835      0.063632     
63    -11.6812      6.217079      120.5517      6.217079      0.005721      0.061361      0.011912      0.063248     
64    43.81226      6.269908      104.5126      6.269908      0.078540      0.061547      -0.05440      0.063466     
65    51.80509      6.225706      98.29033      6.225706      0.008236      0.061391      0.018794      0.063284     
66    33.51094      6.379883      104.9968      6.379883      0.058940      0.061936      -0.01139      0.063919     
67    -2.40244      6.720524      114.8295      6.720524      0.070427      0.063139      -0.01156      0.065322     
68    -26.8949      5.802968      130.1267      5.802968      0.031103      0.059898      -0.05812      0.061543     
69    -28.7324      6.383876      124.7765      6.383876      0.030937      0.061950      -0.02791      0.063935     
70    -17.2107      5.020888      131.5848      5.020888      0.030330      0.057136      -0.03623      0.058322     
71    23.84678      6.965008      106.4405      6.965008      0.058690      0.064002      -0.03924      0.066329     
72    6.749827      7.367723      106.2978      7.367723      0.037130      0.065424      -0.04403      0.067987     
73    48.51101      6.540054      103.2007      6.540054      0.032957      0.062501      -0.06552      0.064578     
74    53.00255      6.336875      102.0533      6.336875      -0.00167      0.061784      -0.00746      0.063742     
75    -0.56340      7.602489      99.27122      7.602489      0.062755      0.066253      0.055033      0.068954     
76    -30.6760      5.490343      128.4273      5.490343      -0.01733      0.058794      -0.00332      0.060255     
77    38.40846      7.239502      99.60851      7.239502      -0.01274      0.064972      -0.00472      0.067459     
78    -33.9572      6.056400      123.0865      6.056400      0.015078      0.060793      -0.02220      0.062587     
79    -30.1246      7.079671      109.3294      7.079671      0.019740      0.064407      0.047072      0.066801     
80    -11.5838      7.604845      103.3397      7.604845      0.034081      0.066262      -0.03355      0.068964     
81    -19.0260      4.708683      125.2901      4.708683      -0.04251      0.056034      0.027730      0.057036     
82    -36.4398      6.503976      114.6326      6.503976      0.012968      0.062374      -0.00803      0.064430     
83    13.10726      7.510672      101.4173      7.510672      0.000968      0.065929      -0.03682      0.068576     
84    43.14395      7.130923      92.69836      7.130923      0.017225      0.064588      -0.02521      0.067012     
85    55.93780      6.771547      98.70063      6.771547      0.014065      0.063319      -0.10218      0.065532     
86    64.14041      6.222247      108.3454      6.222247      0.039512      0.061379      -0.02931      0.063270     
87    68.28878      6.503976      100.4995      6.503976      0.009976      0.062374      0.028759      0.064430     
88    61.95685      6.129691      108.2049      6.129691      0.002046      0.061052      -0.12277      0.062888     
89    56.64137      6.524133      100.7243      6.524133      0.096443      0.062445      -0.10391      0.064513     
90    65.63493      6.086307      103.6728      6.086307      0.003858      0.060899      -0.01622      0.062710     
91    48.85954      7.152703      94.81363      7.152703      -0.03165      0.064665      -0.05717      0.067102     
92    16.32986      8.073787      86.86382      8.073787      -0.03346      0.067918      -0.02532      0.070895     
93    -4.01488      8.496468      90.69221      8.496468      0.105474      0.069411      0.019653      0.072636     
94    24.28931      8.049523      82.72052      8.049523      0.031458      0.067832      -0.02742      0.070795     
95    -5.46887      8.813692      89.69325      8.813692      0.016592      0.070531      0.010294      0.073942     
96    -31.4263      8.214960      100.6410      8.214960      0.057068      0.068416      0.014576      0.071476     
97    41.53879      7.637758      85.00861      7.637758      0.064005      0.066378      -0.05092      0.069099     
98    -41.0005      6.106224      108.2574      6.106224      0.037933      0.060969      0.025219      0.062792     
99    -50.1732      7.224015      102.0518      7.224015      0.073663      0.064917      -0.02921      0.067395     
100   -37.1380      5.663994      117.4507      5.663994      -0.01651      0.059408      -0.00108      0.060971     
101   -35.5858      5.193158      126.5354      5.193158      -0.02410      0.057745      -0.02946      0.059032     
102   -11.9016      4.556994      128.5673      4.556994      -0.00693      0.055498      -0.00739      0.056412     
103   -5.77296      4.509040      127.1589      4.509040      -0.00686      0.055329      0.007914      0.056214     
104   64.78893      6.579635      94.21874      6.579635      0.097872      0.062641      -0.02208      0.064741     
105   64.65239      6.869822      93.42730      6.869822      -0.00425      0.063666      -0.08461      0.065937     
106   69.72935      6.395940      90.27070      6.395940      0.058716      0.061992      0.037797      0.063985     
107   39.06812      7.923063      86.70105      7.923063      0.080898      0.067386      -0.03549      0.070274     
108   57.58172      7.156366      93.00389      7.156366      0.062761      0.064678      -0.07459      0.067117     
109   65.64288      6.367989      90.84148      6.367989      0.044195      0.061894      -0.04766      0.063870     
110   63.69361      6.232658      97.70753      6.232658      0.112871      0.061416      -0.01672      0.063313     
111   55.88374      6.027346      98.44063      6.027346      0.052581      0.060691      -0.02838      0.062467     
112   66.23463      7.494350      103.1221      7.494350      0.038917      0.065872      -0.11851      0.068509     
113   30.40296      8.287001      83.17761      8.287001      0.047852      0.068671      0.006010      0.071773     
114   69.11977      6.414280      103.6444      6.414280      0.043174      0.062057      -0.06560      0.064060     
115   72.75306      6.761990      87.75670      6.761990      0.015352      0.063285      -0.06178      0.065492     
116   59.50345      7.656421      87.51998      7.656421      -0.02096      0.066444      0.021454      0.069176     
117   14.24439      9.211145      90.83969      9.211145      0.122124      0.071934      0.043486      0.075579     
118   10.84945      9.355615      79.96524      9.355615      0.008557      0.072445      -0.03660      0.076174     
119   -30.7924      9.379930      86.00927      9.379930      0.065548      0.072531      -0.02012      0.076274     
120   -47.4354      8.305061      80.83904      8.305061      0.079234      0.068735      -0.04365      0.071847     
121   -9.75108      10.24154      83.32788      10.24154      0.019257      0.075573      0.109261      0.079822     
122   -39.0106      9.236707      80.43675      9.236707      0.016562      0.072025      -0.06064      0.075684     
123   -39.9525      7.357119      110.6631      7.357119      -0.03085      0.065387      0.018630      0.067943     
124   -52.3816      6.375905      100.3713      6.375905      -0.07928      0.061922      -0.03664      0.063902     
125   -50.7382      5.837702      113.8356      5.837702      -0.02376      0.060021      -0.00560      0.061686     
126   47.81880      8.276551      77.23702      8.276551      0.090219      0.068634      -0.02757      0.071730     
127   29.79576      9.490181      79.27674      9.490181      -0.00218      0.072920      0.045082      0.076728     
128   18.81065      9.828901      56.66800      9.828901      0.039035      0.074116      -0.04428      0.078123     
129   41.77577      8.798209      76.13848      8.798209      -0.02649      0.070476      -0.02569      0.073878     
130   8.141167      10.75757      58.07465      10.75757      0.002091      0.077396      0.035878      0.081947     
131   -28.6778      10.58056      72.32088      10.58056      0.043026      0.076771      0.018529      0.081218     
132   -57.6608      8.657194      89.44732      8.657194      0.054699      0.069978      0.005130      0.073297     
133   -64.1124      7.570450      98.14170      7.570450      -0.06058      0.066140      -0.01491      0.068822     
134   -25.4419      4.839133      122.0184      4.839133      -0.04013      0.056494      -0.00729      0.057574     
135   -50.4901      5.379439      118.2334      5.379439      0.010503      0.058403      -0.01454      0.059799     
