tests/NGC6278/input_data/gauss_hermite_kins.ecvs
# %ECSV 0.9
# ---
# datatype:
# - name: vbin_id
#   datatype: int64
# - name: v
#   datatype: float64
# - name: dv
#   datatype: float64
# - name: sigma
#   datatype: float64
# - name: dsigma
#   datatype: float64
# - name: h3
#   datatype: float64
# - name: dh3
#   datatype: float64
# - name: h4
#   datatype: float64
# - name: dh4
#   datatype: float64
# meta: !!omap
# - PSF:
#     sigma:
#     - 1.06
#     weight:
#     - 1.0
# schema: astropy-2.0
vbin_id v dv sigma dsigma h3 dh3 h4 dh4
1 -55.1457 2.0968 193.5 2.0798 0.077 0.3 0.0 0.3
2 -72.0331 2.1187 173.297 2.2978 0.1006 0.3 0.0 0.3
3 -70.3214 2.9704 157.694 3.0237 0.0983 0.3 0.0 0.3
4 -59.3916 2.641 179.503 2.6 0.083 0.3 0.0 0.3
5 -42.9252 2.627 203.949 2.4986 0.06 0.3 0.0 0.3
6 -76.6923 4.1897 153.159 4.2396 0.1072 0.3 0.0 0.3
7 -60.8558 2.8168 154.194 3.0038 0.085 0.3 0.0 0.3
8 -45.534 2.6694 184.95 2.801 0.0636 0.3 0.0 0.3
9 -73.7064 3.3263 133.986 3.5988 0.103 0.3 0.0 0.3
10 -50.0778 3.2495 167.266 3.3232 0.07 0.3 0.0 0.3
11 -86.6754 3.875 146.387 5.2427 0.1211 0.3 0.0 0.3
12 -26.159 1.9576 201.454 1.8966 0.0365 0.3 0.0 0.3
13 -37.2943 2.5324 178.601 2.6251 0.0521 0.3 0.0 0.3
14 -34.499 2.0178 209.083 2.4391 0.0482 0.3 0.0 0.3
15 -16.3027 2.6189 213.903 2.2605 0.0228 0.3 0.0 0.3
16 -38.7077 4.3361 150.981 4.8294 0.0541 0.3 0.0 0.3
17 -60.5436 3.4357 125.864 3.5983 0.0846 0.3 0.0 0.3
18 -19.7254 4.7335 158.949 4.6179 0.0276 0.3 0.0 0.3
19 4.2529 2.7654 168.387 2.7301 -0.0059 0.3 0.0 0.3
20 -16.4615 3.5297 143.857 3.5445 0.023 0.3 0.0 0.3
21 3.0782 3.503 178.698 3.0119 -0.0043 0.3 0.0 0.3
22 7.4261 2.472 204.616 2.2845 -0.0104 0.3 0.0 0.3
23 0.0642 3.2353 146.307 3.7537 -0.0001 0.3 0.0 0.3
24 -40.5902 10.0825 111.405 10.0086 0.0567 0.3 0.0 0.3
25 -0.1276 6.7604 110.589 7.094 0.0002 0.3 0.0 0.3
26 -87.3687 8.2117 102.161 7.2087 0.1221 0.3 0.0 0.3
27 -89.7611 4.0744 122.064 4.5906 0.1254 0.3 0.0 0.3
28 -91.8239 4.0835 137.606 4.082 0.1283 0.3 0.0 0.3
29 -85.3951 3.6154 151.784 3.8806 0.1193 0.3 0.0 0.3
30 -114.358 4.6658 122.178 4.9735 0.1598 0.3 0.0 0.3
31 -81.43 3.5452 160.441 3.6119 0.1138 0.3 0.0 0.3
32 -132.051 4.9994 103.527 5.0644 0.1845 0.3 0.0 0.3
33 -124.535 3.7981 122.67 4.1195 0.174 0.3 0.0 0.3
34 -95.758 3.5007 129.37 3.379 0.1338 0.3 0.0 0.3
35 -152.696 3.7237 99.8517 3.8012 0.2133 0.3 0.0 0.3
36 -90.399 3.943 143.693 3.8915 0.1263 0.3 0.0 0.3
37 -161.801 6.0123 85.0652 6.6092 0.2261 0.3 0.0 0.3
38 -111.794 2.9943 119.721 3.3542 0.1562 0.3 0.0 0.3
39 -95.2033 3.3516 144.592 3.3656 0.133 0.3 0.0 0.3
40 -197.637 6.0079 65.5906 7.2035 0.2761 0.3 0.0 0.3
41 -165.616 4.3043 83.3342 4.7753 0.2314 0.3 0.0 0.3
42 -125.516 3.5372 104.361 3.9421 0.1754 0.3 0.0 0.3
43 -200.253 4.6879 70.5455 6.3901 0.2798 0.3 0.0 0.3
44 -113.573 4.5225 117.822 4.7783 0.1587 0.3 0.0 0.3
45 -92.0753 3.9628 146.072 3.5701 0.1286 0.3 0.0 0.3
46 -91.0898 3.344 161.695 3.6062 0.1273 0.3 0.0 0.3
47 -98.1729 3.5833 121.18 4.1009 0.1372 0.3 0.0 0.3
48 -69.5816 2.541 164.613 2.5937 0.0972 0.3 0.0 0.3
49 -88.2302 3.4679 157.875 3.1531 0.1233 0.3 0.0 0.3
50 -82.3289 3.3184 167.328 3.3299 0.115 0.3 0.0 0.3
51 -107.611 5.3229 95.1285 5.7503 0.1504 0.3 0.0 0.3
52 -51.8417 2.4857 205.582 2.3709 0.0724 0.3 0.0 0.3
53 -79.5708 3.6448 144.946 4.0592 0.1112 0.3 0.0 0.3
54 -91.3735 3.9442 118.04 3.7089 0.1277 0.3 0.0 0.3
55 -72.6749 2.9911 164.762 3.4431 0.1015 0.3 0.0 0.3
56 -60.5916 2.9094 176.118 3.1164 0.0847 0.3 0.0 0.3
57 -39.0104 2.3175 206.014 2.3116 0.0545 0.3 0.0 0.3
58 -34.4129 2.4266 206.8 2.0482 0.0481 0.3 0.0 0.3
59 -70.6768 3.5479 121.332 3.9969 0.0987 0.3 0.0 0.3
60 -65.857 4.595 138.512 5.6327 0.092 0.3 0.0 0.3
61 -59.1339 3.3719 171.291 3.7174 0.0826 0.3 0.0 0.3
62 -49.2578 3.2075 170.37 3.1709 0.0688 0.3 0.0 0.3
63 -16.615 2.3117 214.012 2.2708 0.0232 0.3 0.0 0.3
64 -34.8226 3.011 192.501 3.2053 0.0487 0.3 0.0 0.3
65 -46.7406 4.3292 129.943 4.187 0.0653 0.3 0.0 0.3
66 -9.7196 1.9864 204.65 1.8276 0.0136 0.3 0.0 0.3
67 19.7364 1.6585 210.271 1.6884 -0.0276 0.3 0.0 0.3
68 -55.393 7.4374 99.0821 6.3961 0.0774 0.3 0.0 0.3
69 -38.5227 2.8867 174.375 3.5367 0.0538 0.3 0.0 0.3
70 17.2862 3.277 121.636 3.7585 -0.0242 0.3 0.0 0.3
71 -19.8976 3.8957 170.702 3.8819 0.0278 0.3 0.0 0.3
72 25.4342 2.2356 198.916 2.208 -0.0355 0.3 0.0 0.3
73 31.921 2.3194 172.709 2.6144 -0.0446 0.3 0.0 0.3
74 -3.0782 3.503 178.698 3.0119 0.0043 0.3 0.0 0.3
75 -34.4652 5.1683 107.433 5.6462 0.0482 0.3 0.0 0.3
76 16.3027 2.6189 213.903 2.2605 -0.0228 0.3 0.0 0.3
77 -155.468 5.7759 68.2334 7.739 0.2172 0.3 0.0 0.3
78 -214.718 6.1199 56.617 9.1357 0.3 0.3 0.0 0.3
79 -26.673 4.6966 132.862 5.1206 0.0373 0.3 0.0 0.3
80 -21.9635 3.754 145.756 4.2677 0.0307 0.3 0.0 0.3
81 -15.0469 4.0457 128.562 4.7624 0.021 0.3 0.0 0.3
82 -16.9529 4.1102 164.466 4.0868 0.0237 0.3 0.0 0.3
83 23.6044 2.5417 201.731 2.3525 -0.033 0.3 0.0 0.3
84 6.2509 3.738 171.546 3.6687 -0.0087 0.3 0.0 0.3
85 -14.9436 5.7108 103.941 6.8771 0.0209 0.3 0.0 0.3
86 5.8902 3.9959 153.86 4.5974 -0.0082 0.3 0.0 0.3
87 37.4109 1.9958 202.812 1.9707 -0.0523 0.3 0.0 0.3
88 37.6838 3.3413 185.456 3.5496 -0.0527 0.3 0.0 0.3
89 34.499 2.0178 209.083 2.4391 -0.0482 0.3 0.0 0.3
90 19.7254 4.7335 158.949 4.6179 -0.0276 0.3 0.0 0.3
91 34.4129 2.4266 206.8 2.0482 -0.0481 0.3 0.0 0.3
92 -1.6619 4.8737 134.958 5.215 0.0023 0.3 0.0 0.3
93 45.534 2.6694 184.95 2.801 -0.0636 0.3 0.0 0.3
94 36.7685 3.882 170.325 3.9001 -0.0514 0.3 0.0 0.3
95 4.098 6.2916 128.315 5.8336 -0.0057 0.3 0.0 0.3
96 49.6517 1.8949 204.868 1.8623 -0.0694 0.3 0.0 0.3
97 24.3638 5.2904 154.438 5.6368 -0.034 0.3 0.0 0.3
98 21.9635 3.754 145.756 4.2677 -0.0307 0.3 0.0 0.3
99 39.0104 2.3175 206.014 2.3116 -0.0545 0.3 0.0 0.3
100 59.3916 2.641 179.503 2.6 -0.083 0.3 0.0 0.3
101 55.6762 3.0247 167.626 3.0005 -0.0778 0.3 0.0 0.3
102 64.1298 3.0043 184.157 2.8775 -0.0896 0.3 0.0 0.3
103 38.5853 5.7376 161.14 6.7048 -0.0539 0.3 0.0 0.3
104 23.0641 9.5997 107.645 9.747 -0.0322 0.3 0.0 0.3
105 36.7031 5.2607 139.582 5.2491 -0.0513 0.3 0.0 0.3
106 49.2578 3.2075 170.37 3.1709 -0.0688 0.3 0.0 0.3
107 48.6514 5.1474 161.512 5.3859 -0.068 0.3 0.0 0.3
108 76.0691 2.8459 168.728 3.0736 -0.1063 0.3 0.0 0.3
109 31.2237 4.525 128.783 4.7454 -0.0436 0.3 0.0 0.3
110 60.5916 2.9094 176.118 3.1164 -0.0847 0.3 0.0 0.3
111 68.7448 2.5753 175.875 2.7702 -0.096 0.3 0.0 0.3
112 52.782 4.7692 132.92 4.5546 -0.0737 0.3 0.0 0.3
113 64.4952 3.3825 168.797 3.7564 -0.0901 0.3 0.0 0.3
114 60.9376 3.6838 144.153 4.2321 -0.0851 0.3 0.0 0.3
115 61.4871 2.7185 161.346 3.1026 -0.0859 0.3 0.0 0.3
116 21.7985 7.3886 105.102 7.9026 -0.0305 0.3 0.0 0.3
117 68.8558 4.0208 148.397 3.9966 -0.0962 0.3 0.0 0.3
118 59.2784 5.0882 131.205 5.1652 -0.0828 0.3 0.0 0.3
119 72.6749 2.9911 164.762 3.4431 -0.1015 0.3 0.0 0.3
120 50.9015 5.6467 116.348 5.8317 -0.0711 0.3 0.0 0.3
121 76.1701 3.8497 160.8 3.5857 -0.1064 0.3 0.0 0.3
122 82.7018 3.09 144.534 3.7707 -0.1155 0.3 0.0 0.3
123 81.6806 2.7372 152.411 2.8625 -0.1141 0.3 0.0 0.3
124 85.1497 2.3976 162.344 2.2895 -0.119 0.3 0.0 0.3
125 81.43 3.5452 160.441 3.6119 -0.1138 0.3 0.0 0.3
126 91.0898 3.344 161.695 3.6062 -0.1273 0.3 0.0 0.3
127 72.2056 4.3751 127.268 4.8078 -0.1009 0.3 0.0 0.3
128 79.5708 3.6448 144.946 4.0592 -0.1112 0.3 0.0 0.3
129 85.3516 4.4296 115.338 5.087 -0.1193 0.3 0.0 0.3
130 50.4692 5.0609 117.951 5.5795 -0.0705 0.3 0.0 0.3
131 95.2033 3.3516 144.592 3.3656 -0.133 0.3 0.0 0.3
132 95.9976 4.3388 125.222 4.6894 -0.1341 0.3 0.0 0.3
133 86.4738 4.3131 108.404 4.7976 -0.1208 0.3 0.0 0.3
134 91.8239 4.0835 137.606 4.082 -0.1283 0.3 0.0 0.3
135 95.2826 8.1197 102.093 6.8025 -0.1331 0.3 0.0 0.3
136 92.0753 3.9628 146.072 3.5701 -0.1286 0.3 0.0 0.3
137 91.2632 3.298 139.211 3.2803 -0.1275 0.3 0.0 0.3
138 82.4222 3.5659 126.23 3.927 -0.1152 0.3 0.0 0.3
139 98.9743 3.8046 111.957 3.7627 -0.1383 0.3 0.0 0.3
140 97.0276 4.3039 129.884 4.0595 -0.1356 0.3 0.0 0.3
141 105.362 4.4374 125.949 4.9888 -0.1472 0.3 0.0 0.3
142 130.449 4.5559 111.069 4.7779 -0.1823 0.3 0.0 0.3
143 122.448 4.2205 122.967 4.6168 -0.1711 0.3 0.0 0.3
144 142.943 7.3856 87.7775 7.5116 -0.1997 0.3 0.0 0.3
145 105.273 4.8995 122.078 5.2135 -0.1471 0.3 0.0 0.3
146 117.864 3.543 111.039 3.9786 -0.1647 0.3 0.0 0.3
147 116.63 4.5889 115.629 5.272 -0.163 0.3 0.0 0.3
148 138.06 4.3715 111.025 4.5219 -0.1929 0.3 0.0 0.3
149 184.203 4.1254 83.1491 4.9246 -0.2574 0.3 0.0 0.3
150 149.848 3.1421 96.134 3.3605 -0.2094 0.3 0.0 0.3
151 140.762 4.9469 86.2257 5.1853 -0.1967 0.3 0.0 0.3
152 205.386 3.5998 63.1672 4.9364 -0.287 0.3 0.0 0.3
