dev_tests/propermotions/dynamite_input/gauss_hermite_kins.ecsv
# %ECSV 1.0
# ---
# datatype:
# - {name: vbin_id, datatype: int64}
# - {name: v, datatype: float64}
# - {name: dv, datatype: float64}
# - {name: sigma, datatype: float64}
# - {name: dsigma, datatype: float64}
# - {name: h3, datatype: float64}
# - {name: dh3, datatype: float64}
# - {name: h4, datatype: float64}
# - {name: dh4, datatype: float64}
# meta: !!omap
# - PSF:
#     sigma: [0.8]
#     weight: [1.0]
# schema: astropy-2.0
vbin_id v dv sigma dsigma h3 dh3 h4 dh4
1 -3.82 11.02 131.37 19.78 -0.0463 0.0825 0.0348 0.1277
2 -4.37 7.21 80.31 13.12 0.0052 0.0835 0.1205 0.0465
3 -31.0077 9.64 92.3962 9.41 -0.0123 0.1038 0.076 0.0702
4 -31.6841 7.58 84.4763 11.99 0.0485 0.0752 0.1064 0.0607
5 -18.29 7.86 84.86 10.07 -0.0055 0.0748 0.1179 0.076
6 -20.9609 9.14 86.117 12.71 -0.0064 0.0812 0.1235 0.0746
7 -28.8776 9.27 89.0207 9.54 0.0359 0.0857 0.0181 0.0787
8 -29.9967 8.25 105.2452 9.17 -0.0079 0.0622 0.0483 0.0621
9 -35.8765 12.14 80.5424 13.66 0.0421 0.1125 0.0379 0.1027
10 0.9082 6.88 92.9466 11.36 -0.1112 0.058 0.0791 0.0686
11 1.5206 14.32 104.5052 19.82 -0.0177 0.1259 0.0207 0.1093
12 -47.5497 9.15 107.7845 19.1 -0.0043 0.0715 0.0711 0.1346
13 -27.1935 7.2 99.423 8.49 0.0861 0.0444 0.0568 0.0534
14 -40.8247 4.54 97.2674 4.6 0.0633 0.0369 0.0468 0.0306
15 -12.9581 13.47 96.9042 28.23 -0.0309 0.1275 0.0612 0.1141
16 6.97 11.46 88.77 19.79 -0.061 0.1057 0.019 0.1134
17 23.55 12.02 115.62 18.74 -0.0797 0.1125 0.0069 0.1322
18 -6.5503 16.58 143.5484 34.64 0.0156 0.1421 0.0516 0.1083
19 -41.62 7.08 89.15 10.02 0.0107 0.0669 0.1336 0.075
20 -28.38 4.16 53.81 5.42 0.1333 0.0527 0.0411 0.0407
21 -23.65 7.37 76.36 6.99 0.059 0.0785 0.0881 0.0406
22 -40.1252 8.58 74.2553 11.56 -0.0252 0.0873 0.1065 0.0775
23 -42.4905 7.66 80.2392 6.79 0.0352 0.0672 0.0221 0.0504
24 -26.76 9.3 89.03 14.5 0.0036 0.0895 0.1125 0.1032
25 -41.4615 9.73 100.7228 17.83 0.0496 0.0682 0.0641 0.0884
26 -22.49 8.15 77.04 8.94 0.0026 0.0842 0.0821 0.0588
27 -34.8326 14.45 92.1979 19.34 0.0061 0.1148 0.0214 0.0981
28 -36.3023 7.02 98.0872 10.1 0.0232 0.0679 0.0492 0.0852
29 -44.7319 8.08 83.7593 10.57 0.041 0.0757 0.0349 0.0846
30 -40.2578 3.58 87.3322 4.14 0.1083 0.0199 0.1159 0.042
31 12.9324 9.01 93.2603 9.96 -0.062 0.0916 0.0785 0.0818
32 -3.3487 4.04 79.0738 6.89 0.0467 0.057 0.0619 0.0327
33 -5.4087 9.56 86.4025 13.11 -0.0294 0.0854 0.0743 0.0848
34 -9.6519 6.06 89.5412 6.51 0.0444 0.0598 0.0427 0.0507
35 -2.0797 15.03 109.845 18.5 -0.0143 0.1162 0.0597 0.1192
36 -7.88 9.15 96.0707 15.45 -0.0299 0.088 0.0304 0.133
37 -41.9657 7.91 83.1092 11.51 0.0331 0.073 0.0739 0.0942
38 -40.129 9.06 88.1253 11.47 -0.0097 0.0859 0.0805 0.0838
39 2.713 4.15 84.8925 4.93 0.0456 0.0399 0.1096 0.0345
40 3.7506 11.46 94.0148 17.22 -0.0422 0.1074 0.0421 0.1503
41 -12.795 7.62 84.126 8.2 0.0656 0.0744 0.049 0.0534
42 -24.13 15.95 106.15 23.99 0.0347 0.128 0.0961 0.1645
43 -1.74 15.2 113.29 23.25 -0.0503 0.1252 0.0012 0.1559
44 -25.91 10.73 95.74 16.66 -0.0321 0.0947 0.0501 0.1122
45 -29.24 17.82 120.72 23.65 -0.0042 0.1316 0.0407 0.1504
46 -37.17 14.36 94.41 28.97 -0.0072 0.1326 0.0865 0.1558
47 14.0111 7.38 88.3879 9.19 0.016 0.0712 0.0797 0.0656
48 29.6132 9.32 102.9931 14.97 -0.0657 0.0671 0.0137 0.0856
49 40.1534 7.33 82.4643 12.21 -0.0299 0.0764 0.0519 0.0472
50 42.5261 9.63 95.4856 11.68 -0.0513 0.0933 0.0579 0.0787
51 30.1532 10.23 89.2892 12.16 -0.047 0.1057 0.028 0.0996
52 36.0824 5.99 79.9598 8.25 -0.0175 0.06 0.0559 0.0439
53 32.0725 8.7 83.4554 10.07 -0.0188 0.083 0.0005 0.0846
54 44.4848 8.24 81.0486 8.57 -0.0307 0.0973 0.0419 0.0546
55 32.1152 6.37 81.3658 8.02 -0.018 0.0695 0.0729 0.0441
56 41.8 7.83 108.98 12.8 0.0519 0.0684 0.1671 0.0502
57 21.92 6.11 71.02 8.26 0.0326 0.0724 0.0934 0.0439
58 0.002 10.66 95.5094 13.44 0.0242 0.0975 0.0407 0.0962
59 49.4997 7.34 100.3001 9.99 -0.0265 0.0724 0.0909 0.0827
60 35.19 13.04 147.56 21.2 -0.1121 0.1054 0.0023 0.1318
61 30.37 8.42 125.27 13.25 -0.1093 0.0713 0.1536 0.0681
62 -6.66 7.1 82.88 7.72 0.0873 0.0756 0.1143 0.0574
63 9.7778 7.4 87.0196 8.53 -0.0419 0.0738 0.074 0.063
64 -0.51 7.79 88.86 8.58 0.0553 0.0744 0.102 0.0743
65 16.49 7.79 83.71 12.04 -0.0252 0.0886 0.1137 0.0702
66 14.04 15.02 106.36 19.47 -0.0105 0.1435 0.0131 0.1559
67 1.63 8.35 88.28 9.77 0.0965 0.0801 0.137 0.0658
68 -2.52 13.88 91.26 21.38 -0.0483 0.1206 0.0862 0.1326
69 -1.86 8.62 136.7 12.23 -0.1361 0.0584 -0.1077 0.083
70 -13.7144 10.85 97.8721 10.16 0.084 0.0782 0.0732 0.0757
71 -14.38 9.59 83.05 13.69 0.0326 0.1069 0.0994 0.0832
72 11.8168 12.01 109.0542 15.69 -0.0022 0.0872 0.0015 0.1019
73 30.1766 9.45 99.9835 10.54 0.0218 0.0676 0.0625 0.0728
74 33.3192 8.17 79.531 8.82 -0.0059 0.086 0.0114 0.06
75 32.8624 7.53 95.726 10.0 0.007 0.0605 0.0736 0.0757
76 21.2573 6.08 85.8265 6.57 -0.0172 0.0688 0.1054 0.0582
77 48.4278 5.37 79.9506 7.06 -0.0085 0.057 0.0734 0.0407
78 24.8884 4.89 86.4236 5.34 0.008 0.0447 0.0916 0.0354
79 23.0193 7.08 110.6783 14.77 -0.0135 0.0566 0.0242 0.1133
80 26.536 5.18 82.2288 5.85 0.0151 0.0597 0.1291 0.0458
81 4.5808 9.13 93.4347 12.03 0.0888 0.085 0.1004 0.0935
82 26.1501 5.75 84.2078 7.73 -0.056 0.0592 0.1198 0.0647
83 18.6326 8.82 95.6623 15.95 -0.0175 0.091 0.0526 0.1326
84 28.4105 6.21 68.931 8.74 -0.029 0.0958 0.0664 0.0597
85 25.7149 32.8 82.1833 45.33 0.0268 0.2023 0.0992 0.2084
86 34.7984 5.49 74.5101 6.15 0.0237 0.0691 0.1041 0.0427
87 -7.2223 5.63 101.4666 8.82 0.0267 0.041 0.0039 0.0597
88 28.4579 11.1 76.1814 12.21 -0.0204 0.123 0.0729 0.069
89 14.61 9.2 109.26 15.05 -0.0194 0.0728 0.1191 0.0808
90 25.35 8.93 90.92 9.43 0.0589 0.0832 0.1126 0.0643
91 33.8753 11.42 79.6204 12.75 -0.0338 0.1163 0.0382 0.085
92 17.07 7.83 86.92 11.02 0.0534 0.076 0.118 0.0595
93 24.23 7.95 91.7 11.81 -0.0279 0.0821 0.1148 0.0776
94 13.96 10.75 120.44 13.17 0.0347 0.079 0.1236 0.0813
95 22.37 8.64 86.55 14.57 0.041 0.0935 0.0968 0.0648
96 17.14 10.47 95.22 15.14 -0.043 0.1006 0.0579 0.1041
97 32.29 15.17 89.33 19.13 0.0444 0.1381 0.0554 0.1553
98 2.9 13.48 88.58 18.31 0.0534 0.1177 0.0918 0.1349
99 18.4 16.37 87.18 15.98 0.0679 0.1423 0.0456 0.1283
100 39.99 7.85 86.93 12.3 -0.0194 0.0831 0.1178 0.0714
101 24.4515 7.97 90.2746 11.45 -0.0565 0.0853 0.0495 0.0831
102 25.5845 7.58 87.5201 9.82 -0.1022 0.0929 0.0571 0.0568
103 34.4814 8.57 69.5709 9.86 -0.0383 0.1169 0.035 0.0937
104 21.0946 11.86 77.6429 12.28 -0.065 0.1457 0.0059 0.0876
105 36.9863 7.77 72.9672 9.62 -0.051 0.0999 0.0706 0.0726
106 37.1126 10.32 90.3601 15.39 -0.0286 0.1011 0.038 0.0872
107 29.1984 11.4 84.4339 13.73 -0.0403 0.1518 0.0046 0.1278
108 40.6002 9.92 80.893 14.32 -0.0737 0.1185 0.0523 0.0828
109 18.1569 9.04 89.9927 9.0 0.0159 0.0671 0.0299 0.055
110 41.7451 5.93 86.9611 8.23 -0.0101 0.0571 0.0785 0.0573
111 22.9679 11.71 90.831 16.55 -0.022 0.1028 0.04 0.091
112 24.2814 10.61 92.0264 13.23 -0.0146 0.107 0.0359 0.0915
113 24.0358 10.12 87.0753 13.05 -0.0426 0.1006 0.0447 0.0866
114 26.1426 6.25 86.4044 7.26 -0.0526 0.0557 0.1027 0.05
115 25.5786 7.5 81.3634 10.32 0.0108 0.0877 0.0621 0.072
116 36.1175 7.22 84.9833 10.05 -0.0795 0.0681 0.043 0.0784
117 6.7025 10.37 83.1282 12.68 0.0164 0.1031 0.0101 0.1098
118 25.5657 7.12 80.4599 8.36 0.0067 0.0838 0.061 0.0703
119 27.6975 6.5 82.3546 8.03 -0.049 0.0747 0.0701 0.0723
120 26.13 7.52 80.09 10.72 0.0329 0.0846 0.127 0.0649
121 33.27 15.23 103.88 20.66 -0.0366 0.1189 0.0758 0.1101
122 31.23 12.7 71.87 15.28 -0.0309 0.1396 0.0034 0.1348
123 18.31 9.15 92.59 17.7 -0.0613 0.0919 0.1054 0.0848
124 19.0365 6.83 79.815 8.06 0.0215 0.063 0.047 0.0599
125 24.8722 9.88 76.6277 11.26 -0.0534 0.0959 0.0175 0.0883
126 28.7525 12.39 92.9482 15.29 0.0192 0.0926 0.0442 0.0906
127 18.42 14.41 71.8947 21.37 0.0119 0.1355 0.0161 0.1094
128 21.7404 8.52 74.5797 10.76 0.0225 0.0868 0.0291 0.0859
129 33.4055 11.34 97.1762 22.39 0.0385 0.112 0.0749 0.0972
130 5.013 10.27 69.549 10.11 -0.0231 0.1076 -0.0082 0.0859
131 -27.7693 14.5 92.0264 24.38 -0.0161 0.1213 0.0431 0.0865
132 -11.8665 11.04 70.0244 24.22 -0.0059 0.095 0.0082 0.0943
133 -45.66 12.58 80.0 15.0 0.0154 0.1204 0.0524 0.0664
134 -26.3019 7.9 82.0771 15.11 0.0876 0.0223 -0.0169 0.071
135 -28.5828 5.61 82.1949 7.76 0.0826 0.0366 0.0181 0.0466
136 -23.5295 5.34 77.1636 7.37 0.0341 0.0287 0.032 0.0627
137 -29.3326 11.71 85.0249 16.4 0.046 0.087 0.0047 0.094
138 -36.3153 7.96 72.3729 11.17 0.0544 0.0852 0.0697 0.077
139 -29.5271 7.14 86.862 11.1 0.0822 0.039 0.0149 0.0601
140 -23.9174 9.91 80.8187 12.58 -0.0283 0.0889 0.0534 0.0573
141 -26.2826 8.25 89.4108 9.4 0.0868 0.0415 0.0678 0.0617
142 -44.3583 6.78 76.3335 9.17 0.0835 0.0388 0.0361 0.0638
143 -33.7789 16.51 78.0885 18.65 0.0328 0.1449 0.0548 0.1406
144 -22.5513 9.66 92.365 14.14 0.0634 0.0471 0.0435 0.0668
145 -29.5523 8.93 76.36 12.36 0.0117 0.0991 0.0785 0.0671
146 -34.7716 11.71 65.1236 11.08 0.0321 0.1343 0.0302 0.0842
147 -33.1692 6.54 65.7297 8.09 0.0344 0.0653 0.0058 0.0676
148 -30.5169 9.85 72.7893 13.82 -0.0087 0.1103 0.0661 0.0964
149 -28.1001 8.99 85.8108 24.76 0.0319 0.0782 -0.0122 0.1458
150 -33.8179 10.91 89.8754 11.06 0.0382 0.0957 0.0348 0.077
151 -29.1041 14.31 81.9796 21.97 0.0051 0.1265 0.0515 0.1381
152 -37.9368 10.43 78.6363 9.0 0.0306 0.0783 0.0447 0.0804
153 -21.16 16.63 92.44 29.81 -0.027 0.1376 0.0491 0.1725
154 -26.3 12.48 99.36 12.19 0.0392 0.0973 0.1022 0.071
155 -21.84 10.4 93.64 14.57 0.017 0.0915 0.048 0.0962
156 -49.0 9.28 88.9 9.54 0.0632 0.0843 0.0961 0.0562
157 -39.1277 15.65 67.2316 14.74 -0.0436 0.2535 0.0127 0.1811
158 7.88 16.41 138.23 24.2 -0.0804 0.1138 -0.0208 0.1471
159 -42.99 11.76 77.5 17.84 0.0585 0.1085 0.059 0.0913
160 39.4848 8.35 86.399 13.03 -0.0339 0.079 0.0616 0.0871
161 35.4459 15.88 83.095 19.16 -0.0251 0.1405 0.0457 0.0998
162 39.2037 10.03 72.5524 10.59 -0.0138 0.1159 0.0693 0.06
163 30.5655 10.27 90.2611 11.37 -0.0056 0.1004 0.0545 0.0874
164 30.4366 8.27 92.3285 11.57 -0.0377 0.0658 0.0591 0.0688
165 34.4544 18.21 93.9 26.51 -0.0345 0.1464 0.0282 0.1622
166 43.2877 14.42 100.3301 17.35 0.0308 0.0988 0.097 0.0927
167 46.0312 10.59 81.1028 17.08 -0.0405 0.0998 0.0603 0.1214
168 25.2687 7.96 98.2945 8.71 0.0594 0.0743 0.0949 0.0636
169 35.404 16.66 116.6349 21.42 0.0334 0.1175 0.047 0.1346
170 34.3239 20.77 87.8868 23.3 -0.0012 0.1811 -0.0108 0.1621
171 32.4321 11.94 99.0654 20.48 -0.0987 0.1002 0.053 0.1096
172 36.9078 16.76 102.7322 18.33 -0.0121 0.1655 0.0137 0.128
173 45.0629 13.41 84.0215 17.79 0.0044 0.1322 0.0737 0.0795
174 32.1474 8.35 72.0482 9.54 0.0125 0.1088 0.0587 0.0707
175 43.8734 16.43 86.8853 20.01 -0.0403 0.142 0.0267 0.1358
176 37.5022 12.08 84.9969 16.16 -0.0361 0.1147 0.0713 0.0711
177 40.8145 16.31 85.9332 20.83 -0.0321 0.147 0.0136 0.1064
178 36.0903 10.22 71.3237 14.77 -0.0253 0.1149 0.048 0.0734
179 48.7682 11.58 80.3319 18.09 -0.0331 0.114 0.0508 0.0851
180 34.8644 16.87 88.0773 26.08 -0.0645 0.1764 0.0651 0.1376
181 32.8294 22.53 99.6504 28.18 -0.0366 0.1451 0.0356 0.1532
182 28.5973 14.94 92.5212 26.68 -0.046 0.1171 0.0192 0.107
183 16.9894 24.68 119.6615 28.31 -0.0446 0.1432 -0.0335 0.1789
184 47.9551 20.89 84.4961 29.01 -0.0738 0.1748 0.0133 0.1324
185 36.2961 17.52 101.9763 23.36 -0.0411 0.1436 0.0746 0.1222
186 -45.2798 20.06 87.2867 37.58 -0.0011 0.1705 0.0673 0.164
187 -39.7525 8.57 79.7617 11.86 0.0303 0.0908 0.071 0.0663
188 -45.7379 11.36 83.3608 13.16 -0.0054 0.1124 0.0624 0.085
189 -56.3265 14.05 85.4117 18.18 -0.0038 0.1281 0.0662 0.1216
190 -42.8886 29.67 116.1806 42.95 -0.0504 0.1508 0.0066 0.1595
191 -24.2452 12.72 97.6633 19.63 -0.0481 0.118 0.0829 0.0789
192 -35.4562 17.43 97.8255 27.4 0.0452 0.1324 0.038 0.1304
193 -31.2823 16.81 95.3445 29.52 0.0566 0.1049 0.0578 0.1116
194 -36.1035 16.6 97.1678 21.76 0.0504 0.0876 0.0631 0.1097
195 -46.292 18.07 83.8495 27.12 0.0815 0.0498 0.0173 0.123
196 -27.77 27.94 108.79 51.05 0.0908 0.1417 0.01 0.1638
197 -26.8406 24.41 97.3254 29.44 0.0392 0.1875 -0.0017 0.1597
