docs/tutorial_notebooks/FCC167_input/gauss_hermite_kins.ecsv
# %ECSV 1.0
# ---
# datatype:
# - {name: vbin_id, datatype: int64}
# - {name: v, datatype: float64}
# - {name: dv, datatype: float64}
# - {name: sigma, datatype: float64}
# - {name: dsigma, datatype: float64}
# - {name: h3, datatype: float64}
# - {name: dh3, datatype: float64}
# - {name: h4, datatype: float64}
# - {name: dh4, datatype: float64}
# - {name: h5, datatype: float64}
# - {name: dh5, datatype: float64}
# - {name: h6, datatype: float64}
# - {name: dh6, datatype: float64}
# meta: !!omap
# - PSF:
#     sigma: [0.4]
#     weight: [1.0]
# schema: astropy-2.0
vbin_id v dv sigma dsigma h3 dh3 h4 dh4 h5 dh5 h6 dh6
[from data line 3973]
3974 -106.1123 1.6897 115.805 2.7133 0.0581 0.0119021 0.072 0.0159333 0.0 0.0238043 0.0 0.0318667
3975 -95.1893 1.3833 125.138 2.1579 0.0502 0.00932051 0.0584 0.0118839 0.0 0.018641 0.0 0.0237678
3976 -147.0533 1.3653 103.637 2.2303 0.0966 0.0105492 0.0685 0.0150119 0.0 0.0210984 0.0 0.0300239
3977 -189.9513 1.6128 103.942 2.0936 0.2298 0.012324 0.1191 0.0161241 0.0 0.024648 0.0 0.0322483
3978 -156.5383 1.4597 111.364 2.2532 0.1027 0.010469 0.0606 0.0142534 0.0 0.0209379 0.0 0.0285068
3979 -139.0643 1.3912 111.882 2.1628 0.0879 0.0100456 0.0627 0.0135673 0.0 0.0200912 0.0 0.0271347
3980 -92.8663 1.5831 134.501 2.3929 0.0668 0.00978457 0.059 0.012305 0.0 0.0195691 0.0 0.0246099
3981 -182.0143 1.5466 107.348 2.142 0.1951 0.0112874 0.0869 0.0148497 0.0 0.0225748 0.0 0.0296995
3982 -182.5823 1.4966 109.03 2.2037 0.174 0.0108814 0.1124 0.0151964 0.0 0.0217627 0.0 0.0303928
3983 -135.1403 3.1395 118.248 3.8543 0.117 0.0205285 -0.031 0.0250712 0.0 0.041057 0.0 0.0501424
3984 -169.8273 1.3525 102.393 2.1258 0.1571 0.0103736 0.1362 0.0152437 0.0 0.0207472 0.0 0.0304875
3985 -114.8543 1.3277 107.483 2.1943 0.0913 0.0100154 0.0712 0.0142283 0.0 0.0200308 0.0 0.0284565
3986 -142.0163 1.9608 107.288 3.1173 0.1128 0.0144574 0.0704 0.0203414 0.0 0.0289148 0.0 0.0406827
3987 -141.0453 3.8197 114.231 4.6872 0.0781 0.0274384 -0.0425 0.0307478 0.0 0.0548769 0.0 0.0614956
3988 -134.0713 1.2956 112.253 1.9941 0.0911 0.00942601 0.048 0.012573 0.0 0.018852 0.0 0.025146
3989 -171.7663 1.4692 107.996 2.2933 0.1446 0.0107237 0.1154 0.0154231 0.0 0.0214473 0.0 0.0308461
3990 -111.3283 1.2749 107.419 1.9849 0.0631 0.0097404 0.0373 0.0128802 0.0 0.0194808 0.0 0.0257604
3991 -159.4733 1.3434 104.015 2.0584 0.1323 0.0101052 0.0707 0.0139377 0.0 0.0202105 0.0 0.0278755
3992 -155.2063 1.3936 110.205 2.1873 0.1226 0.0101322 0.0713 0.0141097 0.0 0.0202644 0.0 0.0282194
3993 -181.1053 1.5611 110.091 2.3832 0.147 0.0109892 0.1075 0.0155146 0.0 0.0219784 0.0 0.0310291
3994 -101.4223 1.5092 111.705 2.4268 0.0833 0.0107881 0.076 0.0147534 0.0 0.0215762 0.0 0.0295068
3995 -85.9483 1.5389 112.951 2.3528 0.0268 0.0114375 0.0546 0.0139306 0.0 0.0228751 0.0 0.0278613
3996 -124.1153 2.821 114.954 3.855 0.0702 0.0192518 -0.0178 0.0246485 0.0 0.0385036 0.0 0.0492971
3997 -104.5753 1.5126 128.259 2.1519 0.067 0.00968335 0.0192 0.0122088 0.0 0.0193667 0.0 0.0244175
3998 -128.3863 1.3016 106.148 2.1513 0.0929 0.00988175 0.0975 0.0141197 0.0 0.0197635 0.0 0.0282394
3999 -183.6713 1.4866 100.415 2.0663 0.2035 0.0115357 0.1293 0.0157554 0.0 0.0230714 0.0 0.0315108
4000 -155.0643 1.3784 93.669 2.1858 0.1284 0.0116749 0.0561 0.0165984 0.0 0.0233499 0.0 0.0331968
4001 -181.3423 1.5022 106.898 2.2893 0.149 0.011031 0.1071 0.0155095 0.0 0.0220619 0.0 0.0310191
4002 -142.5553 1.4837 101.955 2.494 0.0966 0.0116361 0.0811 0.0168268 0.0 0.0232721 0.0 0.0336537
4003 -142.0813 1.4337 106.15 2.3364 0.1246 0.0106161 0.1013 0.0154428 0.0 0.0212323 0.0 0.0308855
4004 -174.1853 1.3934 100.959 2.0506 0.1723 0.010656 0.1157 0.0150889 0.0 0.021312 0.0 0.0301779
4005 -136.8613 2.6917 117.293 3.5437 0.0974 0.0180073 -0.0142 0.0227375 0.0 0.0360146 0.0 0.0454749
4006 -97.2813 1.3519 127.55 2.1639 0.065 0.00885637 0.0789 0.0117338 0.0 0.0177127 0.0 0.0234676
4007 -179.5483 1.4056 107.346 2.0164 0.1762 0.0103538 0.0892 0.0140601 0.0 0.0207075 0.0 0.0281203
4008 -163.0693 1.2098 98.2667 2.0378 0.0895 0.00977421 0.0845 0.0142194 0.0 0.0195484 0.0 0.0284389
4009 -138.8443 2.3288 110.438 3.4652 0.0966 0.016703 0.0275 0.0224471 0.0 0.033406 0.0 0.0448942
4010 -164.3623 1.2607 108.091 1.9202 0.1284 0.0092484 0.0643 0.0126839 0.0 0.0184968 0.0 0.0253677
4011 -157.5973 1.2292 95.073 2.0265 0.1203 0.0102337 0.0824 0.0150217 0.0 0.0204674 0.0 0.0300434
4012 -125.5493 1.285 111.658 1.906 0.1021 0.00927206 0.034 0.0122033 0.0 0.0185441 0.0 0.0244065
4013 -105.0543 1.2949 110.243 2.0459 0.084 0.00945656 0.059 0.0129228 0.0 0.0189131 0.0 0.0258457
4014 -182.2533 1.3268 102.279 1.8867 0.1946 0.0102057 0.1183 0.0140864 0.0 0.0204113 0.0 0.0281728
4015 -151.5623 1.2335 103.58 1.9041 0.1097 0.0094882 0.0533 0.0129726 0.0 0.0189764 0.0 0.0259452
4016 -139.3773 1.254 103.094 2.0827 0.099 0.00973768 0.0868 0.0140438 0.0 0.0194754 0.0 0.0280877
4017 -121.4213 1.5326 117.768 2.2593 0.1251 0.0103619 0.0473 0.0138695 0.0 0.0207238 0.0 0.027739
4018 -183.5783 1.3297 99.8706 1.8588 0.1932 0.0106279 0.0896 0.0140212 0.0 0.0212558 0.0 0.0280423
4019 -86.2463 1.5924 136.051 2.3222 0.0323 0.0100152 0.0373 0.0118068 0.0 0.0200304 0.0 0.0236136
4020 -146.6923 1.4074 92.8783 2.3231 0.1219 0.011855 0.0746 0.017413 0.0 0.0237101 0.0 0.0348261
4021 -181.3883 1.2981 103.943 1.8409 0.1834 0.00973955 0.0895 0.0130366 0.0 0.0194791 0.0 0.0260732
4022 -96.8913 1.1918 104.051 2.0003 0.0301 0.00946075 0.0772 0.0128971 0.0 0.0189215 0.0 0.0257943
4023 -146.0143 1.262 98.5819 1.9918 0.1067 0.0101939 0.0496 0.0141543 0.0 0.0203878 0.0 0.0283086
4024 -137.8303 1.2881 98.9591 2.2548 0.0827 0.0105106 0.0966 0.0157771 0.0 0.0210212 0.0 0.0315542
4025 -172.8473 1.3713 101.867 2.0114 0.162 0.0106037 0.0682 0.0143928 0.0 0.0212075 0.0 0.0287857
4026 -122.9573 1.3269 110.16 2.0783 0.0976 0.00968306 0.0592 0.0131558 0.0 0.0193661 0.0 0.0263116
4027 -130.0713 1.267 102.589 2.0784 0.1208 0.00983087 0.0904 0.0143379 0.0 0.0196617 0.0 0.0286758
4028 -164.4113 1.2622 95.105 1.9804 0.1556 0.010395 0.1033 0.0150254 0.0 0.0207901 0.0 0.0300508
4029 -178.5003 1.3719 104.462 1.8581 0.2089 0.0103868 0.0958 0.013677 0.0 0.0207736 0.0 0.0273539
4030 -182.9903 1.3103 100.431 1.8219 0.1913 0.0102227 0.0842 0.0134795 0.0 0.0204454 0.0 0.0269589
4031 -160.5683 1.2415 107.053 1.8972 0.1263 0.00923699 0.0592 0.0124924 0.0 0.018474 0.0 0.0249849
4032 -90.4233 1.379 121.102 2.0983 0.0953 0.00919689 0.0625 0.0121452 0.0 0.0183938 0.0 0.0242904
4033 -158.5853 1.2692 91.3955 2.0588 0.1278 0.0109039 0.0703 0.0158653 0.0 0.0218078 0.0 0.0317305
4034 -118.3033 1.3716 106.756 2.128 0.1019 0.0101944 0.0524 0.0140452 0.0 0.0203889 0.0 0.0280904
4035 -157.4103 1.3635 98.3141 2.1675 0.1354 0.0109146 0.0825 0.015733 0.0 0.0218293 0.0 0.031466
4036 -141.3513 1.212 100.862 2.0659 0.0956 0.00955382 0.0958 0.0141304 0.0 0.0191076 0.0 0.0282608
4037 -120.8123 1.2301 98.8582 2.086 0.0352 0.0102429 0.0756 0.0141091 0.0 0.0204858 0.0 0.0282182
4038 -108.0243 1.1842 109.768 1.8835 0.0506 0.00899268 0.0484 0.0118564 0.0 0.0179854 0.0 0.0237128
4039 -115.5173 1.2771 110.249 2.1054 0.0818 0.00942314 0.0724 0.0132056 0.0 0.0188463 0.0 0.0264112
4040 -102.9183 1.2727 125.266 1.8142 0.0628 0.00843542 0.0156 0.010566 0.0 0.0168708 0.0 0.021132
4041 -174.5443 1.4178 100.086 1.8943 0.1916 0.0108479 0.0645 0.0140028 0.0 0.0216959 0.0 0.0280056
4042 -183.7493 1.2801 97.6901 1.7795 0.1999 0.0103942 0.0921 0.0137504 0.0 0.0207883 0.0 0.0275008
4043 -151.4013 1.328 97.6353 2.11 0.1201 0.0104814 0.0809 0.0154473 0.0 0.0209628 0.0 0.0308947
4044 -101.4973 1.1883 123.202 1.7789 0.0658 0.00806851 0.0384 0.010256 0.0 0.016137 0.0 0.0205121
4045 -171.2913 1.2261 94.2709 1.9149 0.1321 0.0103628 0.071 0.0141327 0.0 0.0207255 0.0 0.0282653
4046 -137.8213 1.5459 97.8108 2.5443 0.1041 0.0124884 0.075 0.0180373 0.0 0.0249768 0.0 0.0360745
4047 -126.8093 1.3337 107.793 2.24 0.0853 0.00980913 0.1053 0.0140342 0.0 0.0196183 0.0 0.0280684
4048 -178.1613 1.2368 100.396 1.9232 0.157 0.00969911 0.1143 0.0138752 0.0 0.0193982 0.0 0.0277503
4049 -169.9043 1.2835 100.538 1.829 0.1809 0.00989341 0.0842 0.013377 0.0 0.0197868 0.0 0.0267539
4050 -179.8793 1.2398 97.7069 1.9398 0.1425 0.00992213 0.0934 0.0141244 0.0 0.0198443 0.0 0.0282488
4051 -134.5953 1.2954 97.1204 2.2345 0.0858 0.0107097 0.0891 0.0158777 0.0 0.0214194 0.0 0.0317553
4052 -160.8633 1.2901 96.7612 2.1567 0.1256 0.0104938 0.1142 0.015864 0.0 0.0209876 0.0 0.0317281
4053 -104.2433 1.2203 115.812 1.891 0.0723 0.00866653 0.052 0.0114064 0.0 0.0173331 0.0 0.0228128
4054 -160.4993 1.2339 108.403 1.6836 0.1422 0.00896796 0.022 0.0113687 0.0 0.0179359 0.0 0.0227373
4055 -147.8873 1.0548 92.4342 1.9392 0.075 0.00909868 0.1047 0.0144548 0.0 0.0181974 0.0 0.0289096
4056 -152.2403 1.2268 94.97 1.9521 0.1343 0.0102399 0.0685 0.0146889 0.0 0.0204799 0.0 0.0293778
4057 -183.4293 1.2224 96.3062 1.8243 0.172 0.00989095 0.1017 0.013818 0.0 0.0197819 0.0 0.027636
4058 -187.6343 1.3209 90.8816 1.7853 0.2194 0.011535 0.0974 0.0149786 0.0 0.02307 0.0 0.0299572
4059 -112.5513 1.2056 106.089 2.0526 0.0692 0.00932913 0.087 0.0132631 0.0 0.0186583 0.0 0.0265262
4060 -174.5893 1.1172 93.3905 1.6912 0.1389 0.0095346 0.0485 0.0129331 0.0 0.0190692 0.0 0.0258661
4061 -86.1463 1.5113 118.797 2.425 0.0273 0.0107322 0.0792 0.0134272 0.0 0.0214645 0.0 0.0268545
4062 -118.3133 1.2798 112.418 2.1233 0.0901 0.00925845 0.0898 0.0131925 0.0 0.0185169 0.0 0.0263849
4063 -139.6473 1.2607 98.4536 2.112 0.0749 0.0102169 0.0735 0.0145098 0.0 0.0204339 0.0 0.0290196
4064 -95.9013 1.2206 110.07 2.0189 0.0708 0.00899717 0.0897 0.0124167 0.0 0.0179943 0.0 0.0248334
4065 -173.4803 1.2158 91.1278 1.9526 0.1409 0.0104798 0.0828 0.0152401 0.0 0.0209596 0.0 0.0304803
4066 -131.5873 1.1807 106.586 1.898 0.0839 0.00882144 0.0621 0.0123141 0.0 0.0176429 0.0 0.0246281
4067 -174.7273 1.1518 92.9013 1.6947 0.1752 0.00976637 0.0779 0.013316 0.0 0.0195327 0.0 0.0266321
4068 -105.4653 6.0383 86.588 8.6493 0.036 0.0503299 -0.034 0.0623005 0.0 0.10066 0.0 0.124601
4069 -129.1383 1.1087 98.0089 1.8575 0.0976 0.00893702 0.08 0.0130386 0.0 0.017874 0.0 0.0260772
4070 -186.9443 1.2119 95.6276 1.6364 0.1953 0.00994376 0.0622 0.0126962 0.0 0.0198875 0.0 0.0253923
4071 -161.0753 1.106 94.7337 1.8935 0.1027 0.00931444 0.0857 0.0139056 0.0 0.0186289 0.0 0.0278113
4072 -106.2143 1.1654 122.703 1.758 0.092 0.00777354 0.0553 0.0101632 0.0 0.0155471 0.0 0.0203265
4073 -166.7963 1.2077 95.3527 1.9013 0.1476 0.00995353 0.091 0.0143662 0.0 0.0199071 0.0 0.0287323
4074 -161.5183 1.1056 96.0859 1.6634 0.1349 0.00905016 0.0489 0.012311 0.0 0.0181003 0.0 0.024622
4075 -177.5093 1.2044 95.8274 1.8187 0.151 0.00987625 0.0659 0.0137062 0.0 0.0197525 0.0 0.0274125
4076 -186.2723 1.3783 90.3229 1.9683 0.1713 0.0107656 0.0919 0.0160472 0.0 0.0215312 0.0 0.0320943
4077 -186.2353 1.1911 89.7426 1.6647 0.1919 0.0105037 0.0666 0.0137016 0.0 0.0210073 0.0 0.0274032
4078 -119.8023 1.1573 111.394 1.8353 0.0465 0.00864252 0.058 0.011252 0.0 0.017285 0.0 0.0225039
4079 -144.6443 1.6107 96.326 2.5928 0.1037 0.0128477 0.0355 0.0187678 0.0 0.0256955 0.0 0.0375356
4080 -189.3483 1.2149 89.3191 1.6556 0.2001 0.0107864 0.0546 0.0136577 0.0 0.0215729 0.0 0.0273154
4081 -147.8603 1.4303 105.556 2.0589 0.1138 0.0107421 0.0155 0.0141681 0.0 0.0214841 0.0 0.0283362
4082 -105.6513 1.1334 108.433 1.8632 0.0549 0.00865781 0.0713 0.0117158 0.0 0.0173156 0.0 0.0234317
4083 -145.3083 1.2778 95.6251 1.9621 0.1465 0.0103793 0.0745 0.0146303 0.0 0.0207587 0.0 0.0292605
4084 -178.0083 1.1846 87.9405 1.7343 0.183 0.0107459 0.0785 0.0146524 0.0 0.0214919 0.0 0.0293047
4085 -174.2013 1.141 90.4408 1.7296 0.1773 0.0100076 0.1289 0.014458 0.0 0.0200152 0.0 0.0289161
4086 -178.9113 1.203 89.497 1.8741 0.1572 0.0106309 0.0799 0.0151734 0.0 0.0212618 0.0 0.0303468
4087 -113.0253 1.245 115.353 2.0338 0.0747 0.00880132 0.0856 0.012015 0.0 0.0176026 0.0 0.02403
4088 -139.9643 1.0438 97.1437 1.5897 0.0903 0.00862226 0.0197 0.0116806 0.0 0.0172445 0.0 0.0233611
4089 -184.4203 1.1762 89.0572 1.7932 0.1647 0.0103724 0.0882 0.0147246 0.0 0.0207448 0.0 0.0294491
4090 -124.9653 1.138 109.258 1.76 0.1389 0.00815767 0.0951 0.011389 0.0 0.0163153 0.0 0.0227781
4091 -99.7543 1.232 121.573 1.8855 0.0944 0.00824122 0.0603 0.0108969 0.0 0.0164824 0.0 0.0217938
4092 -137.5053 1.2328 95.5261 1.9706 0.1308 0.0100588 0.0814 0.0144339 0.0 0.0201176 0.0 0.0288678
4093 -164.8983 1.1522 100.444 1.7375 0.16 0.00900435 0.0888 0.0125324 0.0 0.0180087 0.0 0.0250648
4094 -164.1573 1.1209 96.395 1.7822 0.1397 0.00907925 0.0921 0.0132133 0.0 0.0181585 0.0 0.0264266
4095 -178.4623 1.2181 90.0866 1.9335 0.1527 0.010343 0.1069 0.0153525 0.0 0.020686 0.0 0.0307049
4096 -187.6243 1.0767 92.3729 1.8048 0.1305 0.00929937 0.0957 0.0140919 0.0 0.0185987 0.0 0.0281839
4097 -151.2213 1.134 94.6598 1.9623 0.0953 0.00954008 0.0844 0.0143551 0.0 0.0190802 0.0 0.0287103
4098 -82.0643 1.3358 127.499 1.9586 0.0544 0.00874252 0.0352 0.010831 0.0 0.017485 0.0 0.021662
4099 -184.2033 1.1884 87.5543 1.6623 0.2006 0.0108984 0.0756 0.0142353 0.0 0.0217968 0.0 0.0284706
4100 -186.4493 1.1439 86.7268 1.8959 0.1288 0.010296 0.0823 0.0155793 0.0 0.020592 0.0 0.0311586
4101 -125.1073 1.145 102.839 1.8224 0.1247 0.00883382 0.0764 0.0125672 0.0 0.0176676 0.0 0.0251344
4102 -176.7033 1.0595 84.8426 1.6053 0.1824 0.0102761 0.0576 0.0139028 0.0 0.0205522 0.0 0.0278055
4103 -150.2963 1.0653 92.9577 1.803 0.0876 0.00899469 0.0726 0.013254 0.0 0.0179894 0.0 0.026508
4104 -171.1563 1.0569 89.162 1.7734 0.1215 0.00931308 0.0838 0.0140466 0.0 0.0186262 0.0 0.0280933
4105 -117.7593 1.1184 103.164 1.8668 0.0941 0.00861061 0.0896 0.012391 0.0 0.0172212 0.0 0.024782
4106 -185.1373 1.1514 85.6297 1.7771 0.1633 0.0106185 0.073 0.0149653 0.0 0.0212371 0.0 0.0299306
4107 -169.0183 1.1144 89.605 1.8164 0.1405 0.00971228 0.0877 0.0144174 0.0 0.0194246 0.0 0.0288349
4108 -137.6083 1.1913 113.217 1.7589 0.1216 0.00829356 0.0557 0.0110826 0.0 0.0165871 0.0 0.0221652
4109 -139.8633 1.112 95.3351 1.8755 0.0844 0.00930913 0.058 0.0136272 0.0 0.0186183 0.0 0.0272545
4110 -190.4723 1.1046 86.2555 1.8039 0.1422 0.0100021 0.0951 0.0148397 0.0 0.0200041 0.0 0.0296793
4111 -96.0113 1.751 120.245 2.7138 0.1041 0.0114931 0.073 0.0156572 0.0 0.0229861 0.0 0.0313145
4112 -111.6143 1.2403 114.645 1.8603 0.1168 0.00865176 0.053 0.0116108 0.0 0.0173035 0.0 0.0232215
4113 -192.5563 1.1479 92.055 1.7301 0.1526 0.00972415 0.054 0.0133944 0.0 0.0194483 0.0 0.0267887
4114 -159.0883 1.043 91.1868 1.7575 0.1205 0.008978 0.0901 0.013563 0.0 0.017956 0.0 0.027126
4115 -181.3943 1.1388 82.7949 1.8519 0.1483 0.0107591 0.0872 0.0160857 0.0 0.0215182 0.0 0.0321714
4116 -159.9633 1.0691 88.8881 1.8375 0.12 0.00939764 0.1007 0.0144735 0.0 0.0187953 0.0 0.0289471
4117 -131.9963 1.0616 94.7454 1.7921 0.0905 0.00899175 0.0642 0.013115 0.0 0.0179835 0.0 0.02623
4118 -195.8743 1.1716 83.263 1.6968 0.1799 0.0108064 0.0751 0.0147713 0.0 0.0216129 0.0 0.0295427
4119 -115.0773 1.2196 108.02 1.8556 0.1096 0.00899367 0.0466 0.0122029 0.0 0.0179873 0.0 0.0244059
4120 -182.8063 1.1776 83.1478 1.8727 0.1587 0.0110358 0.0789 0.0159858 0.0 0.0220717 0.0 0.0319717
4121 -192.5653 1.072 85.0491 1.5985 0.1844 0.0100632 0.0841 0.0138493 0.0 0.0201265 0.0 0.0276985
4122 -101.9173 1.1413 116.224 1.6664 0.095 0.00796855 0.0278 0.0103581 0.0 0.0159371 0.0 0.0207163
4123 -175.2393 1.1089 87.5506 1.7175 0.1661 0.0100183 0.0884 0.0143698 0.0 0.0200366 0.0 0.0287396
4124 -145.2113 1.0987 103.988 1.7307 0.1211 0.00832149 0.0713 0.0117459 0.0 0.016643 0.0 0.0234918
4125 -178.7443 1.0841 91.3819 1.7373 0.1593 0.00972376 0.0716 0.0136051 0.0 0.0194475 0.0 0.0272103
4126 -153.2323 1.1671 85.3652 2.0096 0.1064 0.0107039 0.0759 0.0162902 0.0 0.0214077 0.0 0.0325803
4127 -195.6063 1.1607 85.2918 1.7467 0.1769 0.0106961 0.0817 0.0148942 0.0 0.0213921 0.0 0.0297885
4128 -191.9603 1.1268 78.5574 1.6568 0.1852 0.011507 0.0652 0.0154056 0.0 0.0230139 0.0 0.0308111
4129 -117.4193 1.2717 111.35 1.9579 0.1126 0.00903604 0.0596 0.0124014 0.0 0.0180721 0.0 0.0248028
4130 -173.9673 1.1523 86.696 1.7619 0.16 0.0103691 0.0659 0.0145444 0.0 0.0207382 0.0 0.0290888
4131 -123.5953 0.9708 101.214 1.5745 0.0921 0.00766431 0.0633 0.010779 0.0 0.0153286 0.0 0.021558
4132 -181.9303 1.114 82.3844 1.775 0.1578 0.0105731 0.0847 0.0153661 0.0 0.0211461 0.0 0.0307323
4133 -79.7593 1.3072 113.997 2.0349 0.0741 0.00936513 0.0542 0.0123482 0.0 0.0187303 0.0 0.0246965
4134 -157.0023 1.0364 91.6466 1.7462 0.1159 0.00888355 0.0897 0.0130161 0.0 0.0177671 0.0 0.0260321
4135 -131.9623 1.1898 101.428 1.9359 0.0839 0.0093459 0.0579 0.0131424 0.0 0.0186918 0.0 0.0262848
