docs/tutorial_notebooks/FCC167_input/gauss_hermite_kins.ecsv
# %ECSV 1.0
# ---
# datatype:
# - {name: vbin_id, datatype: int64}
# - {name: v, datatype: float64}
# - {name: dv, datatype: float64}
# - {name: sigma, datatype: float64}
# - {name: dsigma, datatype: float64}
# - {name: h3, datatype: float64}
# - {name: dh3, datatype: float64}
# - {name: h4, datatype: float64}
# - {name: dh4, datatype: float64}
# - {name: h5, datatype: float64}
# - {name: dh5, datatype: float64}
# - {name: h6, datatype: float64}
# - {name: dh6, datatype: float64}
# meta: !!omap
# - PSF:
#     sigma: [0.4]
#     weight: [1.0]
# schema: astropy-2.0
vbin_id v dv sigma dsigma h3 dh3 h4 dh4 h5 dh5 h6 dh6
[from data line 1171]
1172 12.7904 3.3822 135.289 5.3694 0.0279 0.0216398 0.0753 0.0267144 0.0 0.0432796 0.0 0.0534288
1173 17.5936 3.3447 142.119 5.2071 0.0089 0.0205655 0.0702 0.0246368 0.0 0.041131 0.0 0.0492736
1174 -18.0048 2.8579 132.862 4.4365 0.03 0.0186091 0.061 0.0228629 0.0 0.0372182 0.0 0.0457258
1175 -38.1464 3.1097 176.504 4.3578 0.0251 0.0159117 0.0443 0.0171694 0.0 0.0318234 0.0 0.0343388
1176 -40.6248 3.343 165.618 5.1413 0.0297 0.017714 0.0764 0.02049 0.0 0.035428 0.0 0.04098
1177 -37.8506 3.0798 180.717 4.4633 -0.0063 0.0151529 0.0645 0.0169479 0.0 0.0303058 0.0 0.0338958
1178 -36.9734 2.9166 149.518 4.7047 -0.0416 0.01667 0.1036 0.0216234 0.0 0.03334 0.0 0.0432468
1179 -41.6776 2.9267 174.544 4.3034 0.0031 0.0148959 0.0633 0.0167563 0.0 0.0297918 0.0 0.0335126
1180 -34.3228 3.0569 202.231 4.4128 -0.0065 0.013426 0.0724 0.0149227 0.0 0.026852 0.0 0.0298454
1181 -31.4838 3.3451 180.577 4.8598 -0.0016 0.0165528 0.0666 0.0183747 0.0 0.0331056 0.0 0.0367494
1182 -25.7285 3.1019 206.072 4.2602 0.0005 0.0134158 0.0525 0.0146465 0.0 0.0268316 0.0 0.029293
1183 -36.2587 3.1406 178.758 4.3746 0.008 0.0158297 0.0411 0.017057 0.0 0.0316594 0.0 0.034114
1184 -34.5791 3.22 170.33 4.5372 0.0199 0.0168122 0.0434 0.0183618 0.0 0.0336244 0.0 0.0367236
1185 -38.1272 3.2225 189.559 4.3287 0.0264 0.0152828 0.0321 0.0163675 0.0 0.0305656 0.0 0.032735
1186 -20.5224 2.8499 130.37 5.0097 -0.0108 0.018429 0.1264 0.0258921 0.0 0.036858 0.0 0.0517842
1187 -9.0274 3.0328 135.803 5.0336 0.003 0.0191833 0.0973 0.0249334 0.0 0.0383666 0.0 0.0498668
1188 -34.4463 2.7371 143.865 4.3461 -0.0082 0.0165478 0.0805 0.0206799 0.0 0.0330956 0.0 0.0413598
1189 -39.91 3.1173 153.357 4.9292 0.0219 0.0176715 0.0881 0.0217173 0.0 0.035343 0.0 0.0434346
1190 -0.2292 3.111 131.651 5.0671 -0.0022 0.0203228 0.0875 0.0260108 0.0 0.0406456 0.0 0.0520216
1191 -24.2646 3.0332 131.847 5.1365 -0.0003 0.0195863 0.1063 0.0266204 0.0 0.0391726 0.0 0.0532408
1192 -41.3183 3.0448 145.284 4.994 0.0174 0.0180625 0.1016 0.0232758 0.0 0.036125 0.0 0.0465516
1193 7.4573 3.5576 140.326 5.428 0.0126 0.0220232 0.0617 0.0258197 0.0 0.0440464 0.0 0.0516394
1194 2.7531 3.8203 134.62 5.6938 0.0162 0.0247151 0.048 0.0283595 0.0 0.0494302 0.0 0.056719
1195 -25.7704 2.9181 134.514 5.0858 0.0243 0.0184616 0.1198 0.0254539 0.0 0.0369232 0.0 0.0509078
1196 -38.4243 3.187 181.57 4.5868 0.0185 0.0156585 0.0606 0.017289 0.0 0.031317 0.0 0.034578
1197 -45.2294 2.9005 161.556 4.4706 -0.0071 0.0158602 0.0792 0.0187087 0.0 0.0317204 0.0 0.0374174
1198 -31.2997 2.9806 200.625 4.1211 0.0046 0.0132727 0.0536 0.0144758 0.0 0.0265454 0.0 0.0289516
1199 -21.3966 2.8987 217.843 3.7797 0.0151 0.0117429 0.036 0.0127771 0.0 0.0234858 0.0 0.0255542
1200 29.917 3.1803 139.251 4.9276 0.0224 0.0198667 0.065 0.023982 0.0 0.0397334 0.0 0.047964
1201 -19.4194 2.8092 138.083 4.7296 0.0202 0.0175083 0.1028 0.0234237 0.0 0.0350166 0.0 0.0468474
1202 -45.8628 3.0402 155.283 4.6113 0.0379 0.0171261 0.0704 0.0203375 0.0 0.0342522 0.0 0.040675
1203 -35.165 2.8263 145.306 4.4874 0.0195 0.0169093 0.0792 0.0209227 0.0 0.0338186 0.0 0.0418454
1204 -25.9434 2.96 140.684 4.4478 -0.0151 0.0182878 0.0555 0.0218322 0.0 0.0365756 0.0 0.0436644
1205 -39.9355 2.8146 144.399 4.4839 0.006 0.016888 0.084 0.0211365 0.0 0.033776 0.0 0.042273
1206 -30.0707 3.0253 194.124 4.2051 -0.0189 0.0138523 0.0509 0.0152514 0.0 0.0277046 0.0 0.0305028
1207 -37.9294 2.9253 163.146 4.3268 0.0059 0.0159187 0.0626 0.0181367 0.0 0.0318374 0.0 0.0362734
1208 -40.7233 2.9205 187.831 4.2819 -0.0118 0.0138263 0.0734 0.0156027 0.0 0.0276526 0.0 0.0312054
1209 -44.7678 3.245 178.37 4.3004 0.013 0.0164506 0.0233 0.0171464 0.0 0.0329012 0.0 0.0342928
1210 -36.2439 3.0007 205.134 4.0001 -0.0055 0.0130922 0.0405 0.0141174 0.0 0.0261844 0.0 0.0282348
1211 -37.0635 3.088 182.521 4.3908 -0.0094 0.015109 0.0566 0.0166494 0.0 0.030218 0.0 0.0332988
1212 -38.8711 2.9828 199.497 4.1242 -0.0186 0.0133083 0.0569 0.0145551 0.0 0.0266166 0.0 0.0291102
1213 -22.6323 3.3209 215.765 4.4309 -0.0346 0.0133197 0.0593 0.0148349 0.0 0.0266394 0.0 0.0296698
1214 -33.4656 3.0499 203.558 4.4196 -0.0061 0.0133385 0.0746 0.0148443 0.0 0.026677 0.0 0.0296886
1215 -29.4728 3.1063 215.684 4.0355 0.0041 0.0127619 0.0356 0.0137722 0.0 0.0255238 0.0 0.0275444
1216 -27.7813 3.1045 213.594 4.2587 -0.0018 0.0127901 0.056 0.0141244 0.0 0.0255802 0.0 0.0282488
1217 -29.3789 3.0349 215.715 4.0332 -0.0186 0.0123041 0.0473 0.0136004 0.0 0.0246082 0.0 0.0272008
1218 -42.3751 3.9015 199.394 5.249 0.0007 0.017454 0.0458 0.0185099 0.0 0.034908 0.0 0.0370198
1219 -34.7118 3.1486 200.024 4.3903 -0.0008 0.0140128 0.0549 0.0152182 0.0 0.0280256 0.0 0.0304364
1220 -45.1155 2.9457 174.513 4.2028 0.0388 0.0149722 0.0543 0.016765 0.0 0.0299444 0.0 0.03353
1221 -45.2744 2.7985 147.114 4.4892 0.0316 0.0164563 0.0899 0.0208698 0.0 0.0329126 0.0 0.0417396
1222 -33.3704 3.1156 215.891 4.0108 0.0085 0.0128254 0.0291 0.0137488 0.0 0.0256508 0.0 0.0274976
1223 -39.1208 3.1614 210.27 4.2578 -0.0136 0.0133059 0.0473 0.0144144 0.0 0.0266118 0.0 0.0288288
1224 -44.0285 3.1401 186.133 4.489 0.0093 0.0150792 0.063 0.0166167 0.0 0.0301584 0.0 0.0332334
1225 -35.2235 2.7371 202.538 3.7022 -0.0093 0.0120801 0.043 0.0131309 0.0 0.0241602 0.0 0.0262618
1226 -17.4174 3.0638 224.469 4.0064 -0.0051 0.0118493 0.0441 0.0131201 0.0 0.0236986 0.0 0.0262402
1227 -27.1114 3.06 134.362 4.8139 0.0295 0.0196115 0.0718 0.0244708 0.0 0.039223 0.0 0.0489416
1228 -17.3108 3.1473 132.857 4.8648 0.023 0.0203079 0.0664 0.0246472 0.0 0.0406158 0.0 0.0492944
1229 -47.0791 3.2903 187.671 4.4105 0.007 0.0158206 0.0347 0.016698 0.0 0.0316412 0.0 0.033396
1230 -42.5035 3.0465 193.135 4.2326 -0.0112 0.0140965 0.052 0.0153543 0.0 0.028193 0.0 0.0307086
1231 -37.0779 3.0533 190.682 4.3306 -0.0064 0.0143201 0.0588 0.0157518 0.0 0.0286402 0.0 0.0315036
1232 -27.9759 3.2063 224.052 4.2056 0.0106 0.0124725 0.046 0.0137481 0.0 0.024945 0.0 0.0274962
1233 -42.0975 3.035 206.283 3.9938 0.0142 0.0131711 0.0413 0.0140802 0.0 0.0263422 0.0 0.0281604
1234 -50.3482 2.9696 152.556 4.3035 0.0108 0.0172414 0.0506 0.0195872 0.0 0.0344828 0.0 0.0391744
1235 -36.822 3.2368 197.902 4.3275 -0.0125 0.0146382 0.0367 0.0156989 0.0 0.0292764 0.0 0.0313978
1236 -39.3726 3.0872 209.155 4.2126 0.0212 0.0130556 0.0522 0.0143236 0.0 0.0261112 0.0 0.0286472
1237 -46.1742 2.9869 169.96 4.3241 0.0172 0.0156086 0.0554 0.0175393 0.0 0.0312172 0.0 0.0350786
1238 -38.8471 2.8598 149.677 4.3624 0.0198 0.0168228 0.0662 0.0199744 0.0 0.0336456 0.0 0.0399488
1239 -29.965 3.0336 218.723 4.0804 -0.0101 0.0123006 0.0548 0.0133987 0.0 0.0246012 0.0 0.0267974
1240 -34.5577 3.0825 139.996 5.0484 0.0337 0.0188606 0.0936 0.0243701 0.0 0.0377212 0.0 0.0487402
1241 -39.7448 3.2579 195.641 4.5909 0.0276 0.0147703 0.0646 0.0161634 0.0 0.0295406 0.0 0.0323268
1242 -35.998 2.9608 194.502 4.1296 -0.0137 0.0135614 0.0557 0.0148609 0.0 0.0271228 0.0 0.0297218
1243 -28.9889 2.6602 132.648 4.3061 0.001 0.0172765 0.0797 0.0221953 0.0 0.034553 0.0 0.0443906
1244 -42.6472 3.0657 174.955 4.3729 -0.0151 0.0156079 0.0543 0.0173451 0.0 0.0312158 0.0 0.0346902
1245 -30.9675 3.2303 147.852 5.1433 -0.0145 0.0188225 0.0876 0.0232506 0.0 0.037645 0.0 0.0465012
1246 -38.3391 2.9792 204.782 3.9181 0.0026 0.0130778 0.0308 0.0137686 0.0 0.0261556 0.0 0.0275372
1247 -32.6812 3.3022 216.381 4.4182 -0.011 0.0133823 0.0494 0.0147091 0.0 0.0267646 0.0 0.0294182
1248 -41.611 3.0699 187.407 4.3468 -0.0088 0.0146261 0.0588 0.0160598 0.0 0.0292522 0.0 0.0321196
1249 -40.1074 3.5273 217.864 4.7689 0.0124 0.0142604 0.0546 0.015627 0.0 0.0285208 0.0 0.031254
1250 -45.8455 3.039 195.253 3.9993 -0.0219 0.0138972 0.0295 0.0149632 0.0 0.0277944 0.0 0.0299264
1251 -37.7145 2.8976 206.274 3.766 -0.0017 0.0126099 0.0274 0.013443 0.0 0.0252198 0.0 0.026886
1252 -26.034 3.1447 223.8 4.1349 0.0087 0.0122639 0.0512 0.0135286 0.0 0.0245278 0.0 0.0270572
1253 -46.1137 2.7877 188.994 3.9598 0.0106 0.0131579 0.0588 0.0145419 0.0 0.0263158 0.0 0.0290838
1254 -8.077 3.7009 137.92 5.4261 0.0705 0.022475 0.043 0.0277773 0.0 0.04495 0.0 0.0555546
1255 -44.4203 2.938 149.234 4.5288 0.0076 0.0173027 0.0718 0.0207217 0.0 0.0346054 0.0 0.0414434
1256 -21.9586 3.1195 130.142 5.3711 0.0323 0.0203139 0.1167 0.0281826 0.0 0.0406278 0.0 0.0563652
1257 -48.6227 2.9801 154.362 4.5223 0.0164 0.0169414 0.0683 0.0200018 0.0 0.0338828 0.0 0.0400036
1258 -43.769 3.1928 186.049 4.2878 0.0396 0.0153097 0.0344 0.0164781 0.0 0.0306194 0.0 0.0329562
1259 -40.5248 3.0903 196.966 4.3484 0.0182 0.0139845 0.0617 0.0153599 0.0 0.027969 0.0 0.0307198
1260 -22.4198 3.101 227.619 4.0126 0.0042 0.0118176 0.0504 0.0130035 0.0 0.0236352 0.0 0.026007
1261 -44.3081 3.1103 208.019 4.0102 -0.0177 0.0132755 0.0276 0.0143322 0.0 0.026551 0.0 0.0286644
1262 -43.1422 2.7314 142.748 4.2289 -0.002 0.0166943 0.0695 0.0203882 0.0 0.0333886 0.0 0.0407764
1263 -47.6846 3.4458 196.124 4.7452 -0.0106 0.0156176 0.0514 0.0169841 0.0 0.0312352 0.0 0.0339682
1264 -37.6988 3.2243 225.525 4.1084 0.0023 0.0125162 0.0343 0.0136599 0.0 0.0250324 0.0 0.0273198
1265 -23.9207 3.2095 225.765 4.3247 -0.0087 0.0122945 0.0609 0.0137404 0.0 0.024589 0.0 0.0274808
1266 -51.0031 3.2514 187.735 4.6805 -0.0069 0.0153971 0.0662 0.0171172 0.0 0.0307942 0.0 0.0342344
1267 -44.5473 3.0308 200.442 4.004 0.0193 0.0135995 0.0311 0.0145174 0.0 0.027199 0.0 0.0290348
1268 -46.0851 2.9778 161.004 4.4885 0.0074 0.0163076 0.0704 0.0189781 0.0 0.0326152 0.0 0.0379562
1269 -32.9622 3.2578 224.986 4.2352 -0.0111 0.0126377 0.0525 0.0138085 0.0 0.0252754 0.0 0.027617
1270 -42.1522 3.3616 215.659 4.113 -0.0158 0.0137581 0.0126 0.0149553 0.0 0.0275162 0.0 0.0299106
1271 -18.2786 3.3837 224.503 4.4477 0.0103 0.0130515 0.0524 0.0143658 0.0 0.026103 0.0 0.0287316
1272 -48.1438 3.1048 184.818 4.3268 0.0281 0.0149345 0.0498 0.0163908 0.0 0.029869 0.0 0.0327816
1273 -45.2346 3.3748 214.0 4.5802 -0.017 0.0138436 0.0591 0.0152582 0.0 0.0276872 0.0 0.0305164
1274 -50.4191 3.146 179.542 4.4388 0.0072 0.0157014 0.0526 0.0171219 0.0 0.0314028 0.0 0.0342438
1275 -22.8448 2.891 221.983 3.8882 0.0236 0.0113533 0.0558 0.0126616 0.0 0.0227066 0.0 0.0253232
1276 -45.8433 3.1393 196.329 4.2783 0.0049 0.0143683 0.0441 0.0154339 0.0 0.0287366 0.0 0.0308678
1277 -45.8453 3.3399 188.31 4.5559 -0.004 0.0159278 0.0424 0.0169849 0.0 0.0318556 0.0 0.0339698
1278 -48.7264 3.0775 168.363 4.8308 -0.0106 0.0160319 0.1024 0.0194296 0.0 0.0320638 0.0 0.0388592
1279 -27.7944 2.9336 227.713 3.7424 -0.0063 0.0111936 0.0437 0.0122939 0.0 0.0223872 0.0 0.0245878
1280 -39.3962 2.8311 139.091 4.6804 0.036 0.0174267 0.0895 0.0228389 0.0 0.0348534 0.0 0.0456778
1281 -27.1286 3.006 146.304 5.1134 0.0335 0.0176062 0.1116 0.0233195 0.0 0.0352124 0.0 0.046639
1282 -50.4934 3.031 186.145 4.1264 0.0403 0.0144422 0.0373 0.0157545 0.0 0.0288844 0.0 0.031509
1283 -44.6409 2.7645 193.005 3.9258 0.0055 0.0128799 0.0561 0.0141396 0.0 0.0257598 0.0 0.0282792
1284 -54.3508 3.008 146.371 4.7581 0.0495 0.017688 0.0799 0.0219905 0.0 0.035376 0.0 0.043981
1285 -50.0138 2.7958 186.089 4.0859 -0.0005 0.0134083 0.0716 0.0150681 0.0 0.0268166 0.0 0.0301362
1286 -43.8175 3.3303 208.32 4.4232 -0.003 0.0142511 0.0408 0.0153213 0.0 0.0285022 0.0 0.0306426
1287 -43.4069 2.9752 211.759 3.9198 -0.0116 0.01249 0.0406 0.0134515 0.0 0.02498 0.0 0.026903
1288 -26.4195 3.2806 224.249 4.0687 -0.0202 0.0128063 0.0318 0.0137806 0.0 0.0256126 0.0 0.0275612
1289 -41.5683 3.4722 223.374 4.2471 0.0017 0.0137729 0.0159 0.0143006 0.0 0.0275458 0.0 0.0286012
1290 -47.2477 2.9456 190.131 4.0284 0.0179 0.0138631 0.0452 0.0149555 0.0 0.0277262 0.0 0.029911
1291 -55.2487 3.2028 167.331 4.6819 0.011 0.0172428 0.06 0.0190617 0.0 0.0344856 0.0 0.0381234
1292 -29.5882 2.9212 226.061 3.6558 0.0113 0.0112941 0.0281 0.0123288 0.0 0.0225882 0.0 0.0246576
1293 -45.4768 3.2885 225.276 4.1656 -0.0032 0.0127674 0.0328 0.0139126 0.0 0.0255348 0.0 0.0278252
1294 8.8389 2.9438 231.595 3.6069 -0.0163 0.0108661 0.0234 0.0120889 0.0 0.0217322 0.0 0.0241778
1295 0.8659 3.2055 232.041 4.1795 0.0018 0.011796 0.0487 0.0131971 0.0 0.023592 0.0 0.0263942
1296 -8.7517 3.3309 141.071 5.3281 0.01 0.0204704 0.0857 0.0253666 0.0 0.0409408 0.0 0.0507332
1297 -54.6332 3.0079 185.412 4.4047 0.0234 0.0144492 0.0719 0.0162566 0.0 0.0288984 0.0 0.0325132
1298 -49.6477 2.8558 156.432 4.2608 0.0308 0.0159521 0.0586 0.0186531 0.0 0.0319042 0.0 0.0373062
1299 -44.6759 3.001 191.02 4.127 -0.0088 0.0140908 0.0441 0.015273 0.0 0.0281816 0.0 0.030546
1300 31.6377 3.4007 132.897 5.473 -0.0347 0.0218403 0.0825 0.0279818 0.0 0.0436806 0.0 0.0559636
1301 4.1467 3.4516 138.331 4.8769 0.0121 0.021996 0.0283 0.0242715 0.0 0.043992 0.0 0.048543
1302 -49.5246 2.9844 151.934 4.4717 0.0319 0.017062 0.0597 0.020032 0.0 0.034124 0.0 0.040064
1303 -47.0256 3.0734 181.946 4.3493 0.0362 0.015069 0.0554 0.0166051 0.0 0.030138 0.0 0.0332102
1304 -48.9153 2.9982 172.817 4.3418 0.0108 0.0154892 0.0605 0.0172784 0.0 0.0309784 0.0 0.0345568
1305 -20.5624 2.9684 134.643 4.7697 0.0252 0.0190121 0.0819 0.0237936 0.0 0.0380242 0.0 0.0475872
1306 -41.7541 2.8104 136.263 4.5242 0.0157 0.0177975 0.0832 0.0226494 0.0 0.035595 0.0 0.0452988
1307 -37.8343 2.7695 129.27 4.6024 0.0054 0.0182575 0.0916 0.0243346 0.0 0.036515 0.0 0.0486692
1308 -30.1658 2.8849 129.972 4.8482 0.0248 0.0188218 0.1005 0.025408 0.0 0.0376436 0.0 0.050816
1309 -48.663 2.9534 183.547 4.1283 0.0163 0.0144843 0.0458 0.0156987 0.0 0.0289686 0.0 0.0313974
1310 -14.6453 3.1956 225.892 4.1618 0.0196 0.0122758 0.0436 0.0135925 0.0 0.0245516 0.0 0.027185
1311 -55.2105 2.8862 162.937 4.3206 -0.0251 0.0155464 0.0691 0.0182323 0.0 0.0310928 0.0 0.0364646
1312 -57.465 3.3503 188.212 4.9439 0.0116 0.0158375 0.0792 0.0177903 0.0 0.031675 0.0 0.0355806
1313 -56.6335 2.9883 185.627 4.0194 0.0149 0.0144868 0.035 0.0154255 0.0 0.0289736 0.0 0.030851
1314 -50.0239 2.9777 195.404 4.0463 0.0028 0.013747 0.0438 0.0146548 0.0 0.027494 0.0 0.0293096
1315 -19.3251 2.8331 220.685 3.6496 0.0107 0.0113221 0.0391 0.0122585 0.0 0.0226442 0.0 0.024517
1316 -37.1197 2.9266 129.501 4.5366 0.0095 0.0194905 0.0623 0.024056 0.0 0.038981 0.0 0.048112
1317 -58.7127 2.8067 196.222 3.8096 0.0111 0.0128535 0.0441 0.0138548 0.0 0.025707 0.0 0.0277096
1318 -54.2271 3.0565 148.043 4.9564 0.037 0.0177228 0.1007 0.0227732 0.0 0.0354456 0.0 0.0455464
1319 -52.7485 3.3505 210.892 4.4255 0.0167 0.0141484 0.0377 0.0152053 0.0 0.0282968 0.0 0.0304106
1320 -50.0069 2.9444 204.424 3.8766 0.0067 0.0129363 0.0316 0.0138145 0.0 0.0258726 0.0 0.027629
1321 -55.5989 2.9178 194.763 3.7737 0.0293 0.0134127 0.021 0.014365 0.0 0.0268254 0.0 0.02873
1322 -59.7843 3.4044 215.254 4.4232 -0.0009 0.0140531 0.0363 0.01507 0.0 0.0281062 0.0 0.03014
1323 -51.2379 3.3901 220.602 4.5362 0.0076 0.0134831 0.0605 0.0147713 0.0 0.0269662 0.0 0.0295426
1324 23.0983 3.263 232.958 4.0983 -0.0062 0.0119675 0.0355 0.0132958 0.0 0.023935 0.0 0.0265916
1325 -53.4727 2.9371 181.591 4.0217 0.0419 0.0143088 0.042 0.0157836 0.0 0.0286176 0.0 0.0315672
1326 -55.6062 2.9496 173.432 4.2743 0.0185 0.015224 0.0582 0.0169803 0.0 0.030448 0.0 0.0339606
1327 14.4639 3.2718 226.653 4.2288 -0.0267 0.0123654 0.0413 0.0138722 0.0 0.0247308 0.0 0.0277444
1328 -51.9608 3.1666 206.695 4.3643 0.0387 0.0136146 0.0693 0.0148322 0.0 0.0272292 0.0 0.0296644
1329 -33.0829 2.8988 222.068 3.7741 -0.0108 0.0114099 0.0412 0.0125833 0.0 0.0228198 0.0 0.0251666
1330 -53.5408 3.1843 199.422 4.1278 -0.0001 0.0143821 0.0281 0.0151537 0.0 0.0287642 0.0 0.0303074
1331 2.7194 3.1826 227.582 4.1815 -0.0025 0.0120614 0.0498 0.0134089 0.0 0.0241228 0.0 0.0268178
1332 -53.6098 3.3544 218.1 4.2824 0.0172 0.013592 0.0309 0.014549 0.0 0.027184 0.0 0.029098
1333 -6.0185 3.3063 224.567 4.2851 0.013 0.0130022 0.042 0.0140129 0.0 0.0260044 0.0 0.0280258
1334 -41.12 3.2957 220.714 4.3156 0.001 0.0131341 0.047 0.0142272 0.0 0.0262682 0.0 0.0284544
1335 -52.4196 2.7956 149.734 4.4047 0.0421 0.0161335 0.0839 0.0201907 0.0 0.032267 0.0 0.0403814
