docs/tutorial_notebooks/FCC167_input/gauss_hermite_kins.ecsv
# %ECSV 1.0
# ---
# datatype:
# - {name: vbin_id, datatype: int64}
# - {name: v, datatype: float64}
# - {name: dv, datatype: float64}
# - {name: sigma, datatype: float64}
# - {name: dsigma, datatype: float64}
# - {name: h3, datatype: float64}
# - {name: dh3, datatype: float64}
# - {name: h4, datatype: float64}
# - {name: dh4, datatype: float64}
# - {name: h5, datatype: float64}
# - {name: dh5, datatype: float64}
# - {name: h6, datatype: float64}
# - {name: dh6, datatype: float64}
# meta: !!omap
# - PSF:
#     sigma: [0.4]
#     weight: [1.0]
# schema: astropy-2.0
vbin_id v dv sigma dsigma h3 dh3 h4 dh4 h5 dh5 h6 dh6
[from data line 1336]
1337 -14.718 2.9879 221.93 3.9996 -0.0063 0.0117271 0.0539 0.0130329 0.0 0.0234542 0.0 0.0260658
1338 -51.2078 2.831 164.729 4.1174 0.0121 0.0152658 0.0553 0.0173023 0.0 0.0305316 0.0 0.0346046
1339 -55.0089 3.1576 190.797 4.3772 0.0079 0.0148141 0.0527 0.0160475 0.0 0.0296282 0.0 0.032095
1340 -45.2826 3.3074 227.09 4.322 0.0163 0.0126773 0.048 0.0139178 0.0 0.0253546 0.0 0.0278356
1341 -54.5266 3.1574 189.875 4.2719 -0.0036 0.0151649 0.0378 0.0159189 0.0 0.0303298 0.0 0.0318378
1342 -54.2487 2.8337 182.676 3.954 -0.0049 0.013882 0.0479 0.0151957 0.0 0.027764 0.0 0.0303914
1343 -57.5072 2.9963 185.972 4.1331 0.0272 0.0143758 0.0481 0.0156712 0.0 0.0287516 0.0 0.0313424
1344 -27.2175 3.0098 212.772 4.1059 -0.0009 0.0124682 0.0543 0.0137405 0.0 0.0249364 0.0 0.027481
1345 -52.9926 2.9893 206.829 3.9998 -0.0019 0.0129807 0.0424 0.0139462 0.0 0.0259614 0.0 0.0278924
1346 -52.9027 3.2502 174.739 4.3156 -0.0005 0.0168424 0.0195 0.0176339 0.0 0.0336848 0.0 0.0352678
1347 20.0082 4.1477 136.661 6.8958 -0.0107 0.0261652 0.1089 0.0337204 0.0 0.0523304 0.0 0.0674408
1348 -28.3981 2.7674 131.769 4.5078 0.0159 0.0179302 0.0805 0.0230083 0.0 0.0358604 0.0 0.0460166
1349 -38.4358 2.7355 126.361 4.7897 0.0324 0.0183529 0.1071 0.0254172 0.0 0.0367058 0.0 0.0508344
1350 -41.0899 2.9518 137.425 4.8167 0.0175 0.0183805 0.0902 0.0235455 0.0 0.036761 0.0 0.047091
1351 -54.8564 3.1509 153.856 4.4649 0.0088 0.0182198 0.0405 0.0201066 0.0 0.0364396 0.0 0.0402132
1352 -58.2458 3.0209 182.307 4.2661 0.0654 0.014424 0.0651 0.0164455 0.0 0.028848 0.0 0.032891
1353 -53.9451 2.9787 192.157 3.8783 0.04 0.0137745 0.0234 0.0149135 0.0 0.027549 0.0 0.029827
1354 -54.5704 2.984 188.418 3.9928 0.0056 0.0143292 0.0336 0.0151247 0.0 0.0286584 0.0 0.0302494
1355 -61.568 3.529 216.303 4.4576 0.0105 0.0144423 0.0274 0.0154008 0.0 0.0288846 0.0 0.0308016
1356 -57.2604 3.0342 185.859 4.3673 0.0235 0.0145651 0.0633 0.0161568 0.0 0.0291302 0.0 0.0323136
1357 -57.4499 3.0099 160.304 4.9802 -0.0029 0.016285 0.1124 0.0206228 0.0 0.03257 0.0 0.0412456
1358 -63.4323 2.9832 151.729 4.4987 0.044 0.0169899 0.0654 0.0204675 0.0 0.0339798 0.0 0.040935
1359 30.5359 3.0837 222.662 4.0957 -0.0121 0.0119846 0.0569 0.0133602 0.0 0.0239692 0.0 0.0267204
1360 -52.1395 3.2644 215.716 4.106 -0.007 0.013477 0.0237 0.014421 0.0 0.026954 0.0 0.028842
1361 19.2782 3.0497 228.055 4.0916 -0.0004 0.0114991 0.0585 0.0128748 0.0 0.0229982 0.0 0.0257496
1362 10.1402 3.3008 230.087 4.3886 -0.0007 0.0123171 0.0594 0.0138493 0.0 0.0246342 0.0 0.0276986
1363 6.9605 3.037 227.788 3.9831 -0.0131 0.0114985 0.0477 0.0128759 0.0 0.022997 0.0 0.0257518
1364 -1.9009 3.61 227.642 4.7115 0.0034 0.0137185 0.0491 0.0152279 0.0 0.027437 0.0 0.0304558
1365 -8.7257 3.1312 224.831 4.2717 -0.0001 0.0120746 0.063 0.0135178 0.0 0.0241492 0.0 0.0270356
1366 41.1129 3.6322 136.067 5.4759 -0.0194 0.0231733 0.0528 0.0274597 0.0 0.0463466 0.0 0.0549194
1367 -20.0437 5.7617 134.925 7.6075 0.0917 0.035122 0.0057 0.0423884 0.0 0.070244 0.0 0.0847768
1368 -48.8118 2.9891 142.876 4.5825 0.0458 0.0178914 0.0658 0.0219151 0.0 0.0357828 0.0 0.0438302
1369 -43.5953 3.0181 139.792 4.9501 0.0155 0.0184911 0.0903 0.0238362 0.0 0.0369822 0.0 0.0476724
1370 -65.6325 3.1209 214.382 3.9295 0.019 0.0129058 0.024 0.0137889 0.0 0.0258116 0.0 0.0275778
1371 -12.3761 3.3796 125.925 5.4616 0.0124 0.0231447 0.0782 0.0289448 0.0 0.0462894 0.0 0.0578896
1372 -47.5047 2.7732 135.161 4.8302 0.0446 0.0171939 0.1251 0.0243831 0.0 0.0343878 0.0 0.0487662
1373 -52.6604 3.1214 195.158 4.1309 0.0077 0.0144443 0.0296 0.015267 0.0 0.0288886 0.0 0.030534
1374 -64.0772 3.1294 171.562 4.5116 0.0421 0.0160296 0.0564 0.0182051 0.0 0.0320592 0.0 0.0364102
1375 -51.6914 2.6001 145.868 4.0769 0.0058 0.0155324 0.0745 0.0190559 0.0 0.0310648 0.0 0.0381118
1376 -59.8675 2.8396 183.62 3.8286 0.0283 0.0139045 0.0328 0.0149825 0.0 0.027809 0.0 0.029965
1377 -53.495 3.0449 212.132 3.8124 0.0244 0.0126744 0.016 0.013681 0.0 0.0253488 0.0 0.027362
1378 -61.8089 2.8284 174.345 4.1313 0.0188 0.0144754 0.0615 0.0163033 0.0 0.0289508 0.0 0.0326066
1379 -58.8521 3.004 193.728 4.1575 0.024 0.0138127 0.0521 0.015104 0.0 0.0276254 0.0 0.030208
1380 -59.0559 3.0473 195.895 4.3352 0.034 0.0138703 0.0683 0.0153077 0.0 0.0277406 0.0 0.0306154
1381 -14.8546 2.6651 222.587 3.5423 -0.0098 0.0104192 0.0518 0.0116087 0.0 0.0208384 0.0 0.0232174
1382 -49.4655 3.2466 221.49 4.2753 -0.0106 0.0128278 0.0468 0.0141218 0.0 0.0256556 0.0 0.0282436
1383 -54.6691 3.0881 198.487 4.1594 0.0008 0.013977 0.0438 0.0148083 0.0 0.027954 0.0 0.0296166
1384 -64.9767 3.0689 212.774 4.0068 0.0293 0.0127248 0.0385 0.0138538 0.0 0.0254496 0.0 0.0277076
1385 -24.2168 2.99 217.085 3.9216 0.0057 0.0122059 0.0402 0.0132265 0.0 0.0244118 0.0 0.026453
1386 -58.0056 2.9252 194.793 4.014 0.0155 0.0134488 0.0501 0.0145861 0.0 0.0268976 0.0 0.0291722
1387 -24.9922 2.856 219.097 3.674 -0.0187 0.011419 0.0326 0.0125492 0.0 0.022838 0.0 0.0250984
1388 -40.7011 2.8716 131.993 4.6895 0.0501 0.0184052 0.09 0.0243705 0.0 0.0368104 0.0 0.048741
1389 -39.6934 2.9251 135.653 4.8124 -0.0153 0.0184331 0.0969 0.0240373 0.0 0.0368662 0.0 0.0480746
1390 -65.2575 3.0749 147.925 4.9785 0.0463 0.0177987 0.0986 0.022873 0.0 0.0355974 0.0 0.045746
1391 -61.9831 3.0174 164.811 4.5669 0.037 0.0160937 0.0738 0.0189477 0.0 0.0321874 0.0 0.0378954
1392 -60.0279 2.9108 189.066 4.3327 0.0227 0.0137052 0.0811 0.0155777 0.0 0.0274104 0.0 0.0311554
1393 -67.474 3.3142 187.092 4.5156 0.0106 0.015937 0.0387 0.0169158 0.0 0.031874 0.0 0.0338316
1394 -23.5562 2.9603 220.498 3.9619 -0.0119 0.011722 0.0523 0.0130239 0.0 0.023444 0.0 0.0260478
1395 -30.4562 3.2604 215.686 4.375 -0.0062 0.0133638 0.0489 0.0146207 0.0 0.0267276 0.0 0.0292414
1396 -57.2123 2.9565 147.365 4.467 0.0443 0.0173432 0.0621 0.0210353 0.0 0.0346864 0.0 0.0420706
1397 -58.46 2.9835 149.334 4.5531 0.0305 0.0173501 0.0647 0.0208284 0.0 0.0347002 0.0 0.0416568
1398 -35.6034 3.0698 215.399 3.9738 0.0051 0.0126924 0.0304 0.0135784 0.0 0.0253848 0.0 0.0271568
1399 -49.6334 3.0604 220.83 3.917 0.001 0.0123843 0.0369 0.0130763 0.0 0.0247686 0.0 0.0261526
1400 -37.921 3.2862 220.488 4.108 -0.0243 0.0132363 0.03 0.0140783 0.0 0.0264726 0.0 0.0281566
1401 -60.3476 2.9362 183.647 4.2094 -0.0024 0.0143434 0.058 0.0158602 0.0 0.0286868 0.0 0.0317204
1402 19.5123 3.3478 220.785 4.3864 -0.0033 0.0132468 0.0413 0.0145873 0.0 0.0264936 0.0 0.0291746
1403 24.4456 2.6302 220.087 3.5056 -0.0095 0.0104096 0.0497 0.0115857 0.0 0.0208192 0.0 0.0231714
1404 -61.2147 3.0621 191.51 4.2362 0.0093 0.0143516 0.0513 0.015509 0.0 0.0287032 0.0 0.031018
1405 12.3821 3.0602 224.18 3.9918 -0.0128 0.011824 0.0414 0.0131625 0.0 0.023648 0.0 0.026325
1406 -62.0484 3.2134 187.273 4.5192 0.0171 0.0153222 0.0548 0.0167042 0.0 0.0306444 0.0 0.0334084
1407 -0.0264 2.7912 221.001 3.6988 -0.0124 0.0109973 0.0479 0.0122167 0.0 0.0219946 0.0 0.0244334
1408 -4.3485 2.7759 220.691 3.6722 -0.0168 0.0109756 0.0464 0.0122035 0.0 0.0219512 0.0 0.024407
1409 -30.7729 2.9084 138.37 4.6844 0.0135 0.0181312 0.0846 0.0230268 0.0 0.0362624 0.0 0.0460536
1410 -29.1261 3.2289 128.371 5.2977 0.0102 0.021438 0.0918 0.0278564 0.0 0.042876 0.0 0.0557128
1411 -40.0305 2.8604 137.126 4.3475 0.036 0.0178931 0.0572 0.0217497 0.0 0.0357862 0.0 0.0434994
1412 -59.3831 3.0481 166.826 4.225 -0.0156 0.0162352 0.0367 0.0179848 0.0 0.0324704 0.0 0.0359696
1413 -66.1235 2.9385 176.085 4.0169 0.0154 0.0149671 0.036 0.0161484 0.0 0.0299342 0.0 0.0322968
1414 -63.4466 3.1991 217.311 4.1758 -0.0171 0.0129438 0.0412 0.0141435 0.0 0.0258876 0.0 0.028287
1415 -62.6264 2.898 188.281 3.8617 0.0018 0.0139308 0.0308 0.014733 0.0 0.0278616 0.0 0.029466
1416 -57.3035 3.1301 199.74 4.135 0.017 0.0140721 0.032 0.0149738 0.0 0.0281442 0.0 0.0299476
1417 -52.1177 2.7092 191.859 3.7841 0.0151 0.0126714 0.0546 0.013827 0.0 0.0253428 0.0 0.027654
1418 -58.5551 2.9991 187.431 4.2353 0.0066 0.0143982 0.0553 0.0152175 0.0 0.0287964 0.0 0.030435
1419 -60.7648 3.3486 211.61 4.3465 -0.0038 0.0141196 0.0322 0.0151134 0.0 0.0282392 0.0 0.0302268
1420 -51.8936 2.5668 141.008 4.1363 0.0235 0.0157402 0.0819 0.0200371 0.0 0.0314804 0.0 0.0400742
1421 -63.4135 3.1266 200.028 4.0434 0.0149 0.0140584 0.0256 0.0148337 0.0 0.0281168 0.0 0.0296674
1422 -47.0933 2.7588 138.16 4.4939 0.0196 0.0171314 0.0881 0.0221695 0.0 0.0342628 0.0 0.044339
1423 -62.6838 3.0032 153.482 4.628 0.0478 0.0168707 0.0759 0.0206366 0.0 0.0337414 0.0 0.0412732
1424 25.9236 3.1187 223.524 4.0597 -0.0057 0.0121269 0.0431 0.0133445 0.0 0.0242538 0.0 0.026689
1425 -56.8067 2.7583 197.735 3.6261 -0.0012 0.0126243 0.0274 0.0134064 0.0 0.0252486 0.0 0.0268128
1426 8.7706 3.0076 217.774 4.0959 -0.0136 0.012034 0.0668 0.0134473 0.0 0.024068 0.0 0.0268946
1427 -44.3427 3.0194 219.786 3.9997 -0.0133 0.0120476 0.0473 0.013256 0.0 0.0240952 0.0 0.026512
1428 26.6017 2.9522 217.518 3.9103 -0.0217 0.0118705 0.0553 0.013043 0.0 0.023741 0.0 0.026086
1429 3.9983 2.8964 217.956 4.0165 -0.0079 0.0116082 0.0648 0.0130414 0.0 0.0232164 0.0 0.0260828
1430 -1.8766 3.1544 218.647 4.1724 -0.0243 0.0125321 0.0486 0.0139159 0.0 0.0250642 0.0 0.0278318
1431 35.7442 2.9717 213.327 4.0184 -0.0113 0.0122028 0.0599 0.0135052 0.0 0.0244056 0.0 0.0270104
1432 -55.6218 3.5128 213.293 4.6066 0.0213 0.0146155 0.0379 0.0156796 0.0 0.029231 0.0 0.0313592
1433 -9.7257 2.8777 217.104 3.705 -0.0043 0.011703 0.0358 0.0126244 0.0 0.023406 0.0 0.0252488
1434 -12.073 2.9019 211.631 3.9279 -0.0092 0.0123166 0.0514 0.0131875 0.0 0.0246332 0.0 0.026375
1435 -13.5543 3.2832 217.65 4.5401 -0.0049 0.0131653 0.064 0.0146852 0.0 0.0263306 0.0 0.0293704
1436 -59.4389 2.9072 187.977 4.1406 0.015 0.0137646 0.0578 0.0151557 0.0 0.0275292 0.0 0.0303114
1437 -50.4748 3.1327 221.558 4.0146 0.0107 0.0125049 0.0338 0.0135243 0.0 0.0250098 0.0 0.0270486
1438 -19.0098 3.1772 214.5 4.4179 -0.0277 0.0128477 0.0689 0.0143937 0.0 0.0256954 0.0 0.0287874
1439 -70.9385 2.9616 182.484 3.7561 0.0037 0.0146774 0.0036 0.0153837 0.0 0.0293548 0.0 0.0307674
1440 -23.0138 3.0605 213.81 4.2616 0.0011 0.0126067 0.0643 0.0140346 0.0 0.0252134 0.0 0.0280692
1441 -67.9185 2.8758 175.145 3.9559 0.0213 0.014672 0.0385 0.0159743 0.0 0.029344 0.0 0.0319486
1442 -66.5667 3.1168 168.565 4.3541 0.0281 0.0164645 0.0404 0.0178607 0.0 0.032929 0.0 0.0357214
1443 -75.2743 3.5781 186.262 4.8061 0.0251 0.0171803 0.0377 0.0183427 0.0 0.0343606 0.0 0.0366854
1444 -27.4245 2.8972 214.054 3.7917 -0.0007 0.0120227 0.0361 0.0130429 0.0 0.0240454 0.0 0.0260858
1445 -65.978 3.0763 163.634 4.4754 0.0078 0.0167093 0.0576 0.0188594 0.0 0.0334186 0.0 0.0377188
1446 -61.5923 3.0407 202.342 4.0271 0.029 0.0133722 0.0371 0.0142904 0.0 0.0267444 0.0 0.0285808
1447 -45.8962 3.2202 214.217 4.1793 0.0207 0.0133102 0.0337 0.0143578 0.0 0.0266204 0.0 0.0287156
1448 -57.4784 3.2133 195.192 4.3493 0.0129 0.0148331 0.0409 0.0158652 0.0 0.0296662 0.0 0.0317304
1449 -34.6816 3.3119 216.269 4.2715 -0.0037 0.0135212 0.041 0.0145624 0.0 0.0270424 0.0 0.0291248
1450 -52.5115 3.1667 217.047 4.0109 0.0251 0.0128412 0.0266 0.0139123 0.0 0.0256824 0.0 0.0278246
1451 35.4602 4.0102 147.224 6.36 -0.0089 0.0236 0.0914 0.0284278 0.0 0.0472 0.0 0.0568556
1452 -51.4384 2.6513 133.952 4.5121 0.0375 0.016769 0.1077 0.0231281 0.0 0.033538 0.0 0.0462562
1453 -58.7043 3.0127 140.961 4.8564 0.0429 0.018292 0.0912 0.0236461 0.0 0.036584 0.0 0.0472922
1454 -67.2496 2.8816 191.605 3.7361 0.0502 0.013412 0.024 0.0143145 0.0 0.026824 0.0 0.028629
1455 -65.1372 2.9401 155.006 4.3782 0.0592 0.0163181 0.0685 0.0196902 0.0 0.0326362 0.0 0.0393804
1456 -63.6703 2.7011 149.06 4.0605 0.022 0.015995 0.0615 0.0188734 0.0 0.03199 0.0 0.0377468
1457 -70.1925 3.0436 185.627 4.3738 0.0606 0.0142057 0.0699 0.0162502 0.0 0.0284114 0.0 0.0325004
1458 -44.0938 2.9438 131.29 5.1961 0.0005 0.0189763 0.1336 0.0271643 0.0 0.0379526 0.0 0.0543286
1459 -66.5295 3.0499 197.545 4.043 0.0233 0.0138102 0.0359 0.0147892 0.0 0.0276204 0.0 0.0295784
1460 -72.6462 2.718 169.208 3.7044 0.0285 0.0143136 0.0316 0.0156499 0.0 0.0286272 0.0 0.0312998
1461 -58.3579 2.6083 191.877 3.561 0.0152 0.0122327 0.041 0.0132398 0.0 0.0244654 0.0 0.0264796
1462 -26.5425 3.1991 131.179 5.0538 0.0376 0.0206865 0.0767 0.0261431 0.0 0.041373 0.0 0.0522862
1463 -68.6863 2.959 152.549 4.457 0.0291 0.0169605 0.0641 0.0200137 0.0 0.033921 0.0 0.0400274
1464 -60.1481 3.0996 191.78 4.0122 0.0036 0.0146095 0.0201 0.015288 0.0 0.029219 0.0 0.030576
1465 -71.8054 2.8031 179.113 3.8693 0.0152 0.0140661 0.0426 0.0152323 0.0 0.0281322 0.0 0.0304646
1466 -56.6606 3.056 213.56 4.0765 0.0185 0.0127298 0.0461 0.0138061 0.0 0.0254596 0.0 0.0276122
1467 4.0092 2.9449 215.948 3.9431 -0.0119 0.0119521 0.0488 0.0132353 0.0 0.0239042 0.0 0.0264706
1468 -68.4122 2.8792 181.458 3.9542 0.0456 0.0140496 0.0385 0.0155121 0.0 0.0280992 0.0 0.0310242
1469 22.0841 2.7867 219.844 3.8265 -0.015 0.0109753 0.063 0.0123741 0.0 0.0219506 0.0 0.0247482
1470 23.6715 2.9647 218.681 4.0286 -0.0121 0.0119463 0.0656 0.0131634 0.0 0.0238926 0.0 0.0263268
1471 -64.9586 2.8113 189.779 3.7388 0.0311 0.0132792 0.032 0.0142258 0.0 0.0265584 0.0 0.0284516
1472 35.3431 3.2086 218.27 4.4789 -0.023 0.0126928 0.0734 0.0143984 0.0 0.0253856 0.0 0.0287968
1473 37.851 3.0626 214.672 4.2942 -0.0291 0.0123678 0.0725 0.0140115 0.0 0.0247356 0.0 0.028023
1474 -62.0582 3.567 216.726 4.6078 0.0254 0.0145097 0.0376 0.0156154 0.0 0.0290194 0.0 0.0312308
1475 -41.7612 2.7872 130.213 4.5313 -0.0169 0.0183469 0.0798 0.024116 0.0 0.0366938 0.0 0.048232
1476 -45.1858 3.063 128.839 4.8753 0.035 0.0202171 0.0731 0.0258008 0.0 0.0404342 0.0 0.0516016
1477 -71.4168 3.1331 157.112 4.6336 0.012 0.0175325 0.0565 0.0200314 0.0 0.035065 0.0 0.0400628
1478 -58.2401 3.2779 203.979 4.6354 -0.005 0.0143301 0.0682 0.0157829 0.0 0.0286602 0.0 0.0315658
1479 -65.856 3.1606 195.489 4.1361 0.0162 0.014625 0.0289 0.0153424 0.0 0.02925 0.0 0.0306848
1480 -59.0321 2.827 194.876 3.9278 0.0062 0.0130133 0.0516 0.0141787 0.0 0.0260266 0.0 0.0283574
1481 -72.5215 3.0298 169.093 4.3851 0.035 0.0158437 0.0592 0.0180014 0.0 0.0316874 0.0 0.0360028
1482 -37.8193 3.0143 217.643 3.7926 -0.0148 0.0122114 0.0234 0.0132367 0.0 0.0244228 0.0 0.0264734
1483 57.7378 3.0674 205.406 4.2725 -0.0003 0.0132535 0.0607 0.0144887 0.0 0.026507 0.0 0.0289774
1484 -52.8328 3.2789 201.369 4.2012 0.0404 0.0144046 0.022 0.0155802 0.0 0.0288092 0.0 0.0311604
1485 -61.5892 2.9035 192.467 3.8943 0.0066 0.013596 0.0366 0.014506 0.0 0.027192 0.0 0.029012
1486 4.8572 2.8793 212.658 3.9726 0.0034 0.0119179 0.0581 0.0131996 0.0 0.0238358 0.0 0.0263992
1487 11.3014 3.0626 218.064 4.182 -0.0151 0.0122047 0.0603 0.0136717 0.0 0.0244094 0.0 0.0273434
1488 -1.8507 2.8166 209.076 3.7885 -0.0077 0.0120297 0.0456 0.0129184 0.0 0.0240594 0.0 0.0258368
1489 -39.9599 3.0672 211.564 4.0099 -0.0004 0.0129308 0.034 0.0139148 0.0 0.0258616 0.0 0.0278296
1490 15.1907 2.9097 213.205 3.9476 -0.0124 0.0120003 0.0545 0.0132868 0.0 0.0240006 0.0 0.0265736
1491 0.3262 2.9733 214.568 4.0282 -0.0035 0.0121978 0.0502 0.0134413 0.0 0.0243956 0.0 0.0268826
1492 23.3284 3.1727 217.063 4.2907 -0.029 0.0126712 0.0566 0.0142315 0.0 0.0253424 0.0 0.028463
1493 -9.177 2.9654 208.981 3.9276 -0.0188 0.0125255 0.0399 0.0136871 0.0 0.025051 0.0 0.0273742
1494 -74.3373 2.9981 172.303 4.0425 0.0399 0.0154205 0.0279 0.0169345 0.0 0.030841 0.0 0.033869
1495 -55.5704 2.9474 205.153 3.8714 0.011 0.0128819 0.0353 0.0136815 0.0 0.0257638 0.0 0.027363
1496 -14.7787 3.2462 213.581 4.3863 -0.0116 0.0133646 0.0512 0.0147052 0.0 0.0267292 0.0 0.0294104
1497 -73.595 2.9875 181.533 4.3305 0.0348 0.0145785 0.0667 0.01649 0.0 0.029157 0.0 0.03298
1498 27.9258 3.1161 214.087 4.3233 -0.0178 0.0126329 0.063 0.0141987 0.0 0.0252658 0.0 0.0283974
1499 -17.8674 2.9262 212.384 3.9473 -0.0082 0.0121718 0.0517 0.0133832 0.0 0.0243436 0.0 0.0267664
1500 -64.7362 2.9937 190.482 4.1626 0.0215 0.0140893 0.05 0.0153549 0.0 0.0281786 0.0 0.0307098
1501 -22.2291 3.095 216.664 4.1301 -0.0168 0.0125431 0.048 0.0138513 0.0 0.0250862 0.0 0.0277026
