docs/tutorial_notebooks/FCC167_input/gauss_hermite_kins.ecsv
# %ECSV 1.0
# ---
# datatype:
# - {name: vbin_id, datatype: int64}
# - {name: v, datatype: float64}
# - {name: dv, datatype: float64}
# - {name: sigma, datatype: float64}
# - {name: dsigma, datatype: float64}
# - {name: h3, datatype: float64}
# - {name: dh3, datatype: float64}
# - {name: h4, datatype: float64}
# - {name: dh4, datatype: float64}
# - {name: h5, datatype: float64}
# - {name: dh5, datatype: float64}
# - {name: h6, datatype: float64}
# - {name: dh6, datatype: float64}
# meta: !!omap
# - PSF:
#     sigma: [0.4]
#     weight: [1.0]
# schema: astropy-2.0
vbin_id v dv sigma dsigma h3 dh3 h4 dh4 h5 dh5 h6 dh6
[from data line 671]
672 98.401 3.1965 197.7 4.2711 -0.0339 0.0140915 0.0364 0.0156178 0.0 0.028183 0.0 0.0312356
673 87.0254 2.8608 159.048 4.4355 -0.0284 0.0156196 0.0787 0.0189304 0.0 0.0312392 0.0 0.0378608
674 68.9208 2.6127 150.509 3.9798 -0.0218 0.0151568 0.0601 0.0181903 0.0 0.0303136 0.0 0.0363806
675 106.0704 3.0184 163.077 4.4505 -0.0177 0.0162324 0.057 0.0185994 0.0 0.0324648 0.0 0.0371988
676 122.3669 3.162 187.829 4.1634 -0.0471 0.0146644 0.0279 0.0162071 0.0 0.0293288 0.0 0.0324142
677 116.442 3.1762 173.768 4.5844 -0.0098 0.0161832 0.0552 0.0180932 0.0 0.0323664 0.0 0.0361864
678 114.5683 3.0984 186.806 4.066 -0.0474 0.0144037 0.026 0.0158948 0.0 0.0288074 0.0 0.0317896
679 113.8682 3.0352 173.418 4.3419 -0.0362 0.0153019 0.0541 0.0174483 0.0 0.0306038 0.0 0.0348966
680 61.1634 2.9988 140.932 5.0601 -0.0078 0.0183218 0.1075 0.0241831 0.0 0.0366436 0.0 0.0483662
681 85.0001 2.5641 141.045 4.1045 -0.0353 0.0156152 0.0782 0.0199874 0.0 0.0312304 0.0 0.0399748
682 75.7589 2.948 147.807 4.7695 -0.0129 0.0172744 0.0886 0.021772 0.0 0.0345488 0.0 0.043544
683 104.955 3.0697 166.004 4.4047 -0.0354 0.0161912 0.0506 0.0184311 0.0 0.0323824 0.0 0.0368622
684 37.1957 3.1761 158.808 5.1063 -0.0063 0.0174805 0.0967 0.0214739 0.0 0.034961 0.0 0.0429478
685 51.4432 3.0714 152.761 4.7442 0.0113 0.017598 0.0698 0.0207812 0.0 0.035196 0.0 0.0415624
686 97.8391 2.8479 153.616 4.3533 -0.0082 0.0162486 0.0664 0.0191616 0.0 0.0324972 0.0 0.0383232
687 44.1939 2.9138 144.439 4.8068 0.0259 0.017445 0.095 0.0223499 0.0 0.03489 0.0 0.0446998
688 90.0651 3.0513 145.358 4.861 -0.0383 0.0179851 0.0815 0.0226934 0.0 0.0359702 0.0 0.0453868
689 103.6843 2.8056 159.012 4.3215 -0.016 0.0154361 0.0727 0.0184216 0.0 0.0308722 0.0 0.0368432
690 32.9863 3.1051 145.153 5.0019 0.007 0.0185481 0.087 0.0231324 0.0 0.0370962 0.0 0.0462648
691 121.155 2.8569 190.338 3.5825 -0.0465 0.0131383 0.0073 0.0141608 0.0 0.0262766 0.0 0.0283216
692 102.3368 2.9856 158.336 4.3521 -0.0235 0.0165042 0.049 0.0190202 0.0 0.0330084 0.0 0.0380404
693 117.0586 2.8686 172.814 3.9808 -0.0395 0.0147871 0.037 0.0163337 0.0 0.0295742 0.0 0.0326674
694 119.3018 2.9332 184.544 4.1001 -0.0231 0.0140439 0.0492 0.0155389 0.0 0.0280878 0.0 0.0310778
695 117.5575 3.0741 194.96 3.9257 -0.0417 0.013815 0.0169 0.0150834 0.0 0.02763 0.0 0.0301668
696 94.0692 2.9703 197.895 4.0979 -0.0215 0.0132015 0.0488 0.0145488 0.0 0.026403 0.0 0.0290976
697 66.4619 2.8124 144.728 4.4479 0.013 0.0170058 0.0694 0.0206748 0.0 0.0340116 0.0 0.0413496
698 17.3198 3.1149 153.637 5.0039 0.0054 0.0176329 0.0922 0.0217791 0.0 0.0352658 0.0 0.0435582
699 86.5288 2.9995 151.041 4.9697 -0.0236 0.017132 0.1041 0.0220212 0.0 0.034264 0.0 0.0440424
700 113.9915 3.034 170.863 4.3832 -0.0055 0.0157137 0.0532 0.0175416 0.0 0.0314274 0.0 0.0350832
701 25.5508 2.9733 156.179 4.4015 -0.0125 0.0167866 0.0532 0.0193375 0.0 0.0335732 0.0 0.038675
702 39.6602 3.335 139.081 5.4817 0.0073 0.0206646 0.0955 0.0263546 0.0 0.0413292 0.0 0.0527092
703 18.3365 2.9482 163.433 4.3099 -0.0154 0.015995 0.0516 0.0181523 0.0 0.03199 0.0 0.0363046
704 24.5174 2.8669 146.76 4.6323 0.0249 0.0169469 0.0852 0.0213582 0.0 0.0338938 0.0 0.0427164
705 21.7607 2.7941 156.237 4.4412 -0.017 0.0157467 0.0803 0.0190332 0.0 0.0314934 0.0 0.0380664
706 51.7874 2.8195 144.539 4.928 -0.002 0.0168812 0.1236 0.0228345 0.0 0.0337624 0.0 0.045669
707 4.3036 3.3562 184.612 4.7188 -0.0052 0.0162376 0.0514 0.0176405 0.0 0.0324752 0.0 0.035281
708 -5.9986 3.0135 177.643 4.451 -0.0244 0.0149298 0.0724 0.0171126 0.0 0.0298596 0.0 0.0342252
709 9.135 3.159 168.233 4.6984 0.0115 0.0165928 0.0658 0.0188841 0.0 0.0331856 0.0 0.0377682
710 -1.3448 3.3102 187.488 4.805 -0.0135 0.0156056 0.0727 0.0175198 0.0 0.0312112 0.0 0.0350396
711 59.8308 3.0857 154.324 4.6273 0.0151 0.0176317 0.0554 0.0202524 0.0 0.0352634 0.0 0.0405048
712 86.3872 2.7775 150.98 4.3623 -0.0186 0.0159979 0.0756 0.0196407 0.0 0.0319958 0.0 0.0392814
713 56.1453 2.6928 142.067 4.397 -0.0089 0.0164298 0.0859 0.0209761 0.0 0.0328596 0.0 0.0419522
714 29.7205 2.9146 147.803 5.0151 -0.0063 0.0169391 0.1257 0.0229035 0.0 0.0338782 0.0 0.045807
715 4.3061 3.1674 166.117 4.5308 -0.014 0.0169061 0.0465 0.0187627 0.0 0.0338122 0.0 0.0375254
716 17.6291 3.0379 154.962 4.7512 0.0027 0.0172246 0.0776 0.0207054 0.0 0.0344492 0.0 0.0414108
717 -2.3925 3.4008 194.745 4.7406 -0.0127 0.0155508 0.0562 0.016888 0.0 0.0311016 0.0 0.033776
718 1.9804 2.9718 194.152 4.1866 -0.0343 0.0135702 0.0578 0.0150896 0.0 0.0271404 0.0 0.0301792
719 -6.4694 2.9811 190.907 4.2216 -0.0023 0.0139253 0.0578 0.0153401 0.0 0.0278506 0.0 0.0306802
720 108.0764 3.1085 164.201 4.8866 -0.0243 0.0166605 0.0909 0.0198525 0.0 0.033321 0.0 0.039705
721 110.8172 3.0231 166.028 4.2126 -0.0212 0.0159408 0.0386 0.0177223 0.0 0.0318816 0.0 0.0354446
722 -7.1002 3.1946 201.479 4.5352 -0.0409 0.0137276 0.0773 0.0154809 0.0 0.0274552 0.0 0.0309618
723 -4.6937 3.3175 178.278 4.7815 -0.0448 0.0162515 0.0634 0.0185054 0.0 0.032503 0.0 0.0370108
724 0.2639 3.1155 179.005 4.4785 -0.013 0.0154961 0.0575 0.0171993 0.0 0.0309922 0.0 0.0343986
725 13.4045 3.1488 160.175 4.7386 0.0217 0.0173453 0.0674 0.0200748 0.0 0.0346906 0.0 0.0401496
726 -8.2022 3.0409 179.887 4.4745 0.0272 0.0149585 0.0706 0.0169556 0.0 0.029917 0.0 0.0339112
727 -8.6334 3.1308 201.954 4.1229 0.0171 0.0138665 0.031 0.0147693 0.0 0.027733 0.0 0.0295386
728 6.6976 3.1386 173.662 4.7799 -0.028 0.015859 0.0857 0.0186441 0.0 0.031718 0.0 0.0372882
729 -4.8004 2.7592 210.163 3.7321 -0.0222 0.0115522 0.0506 0.0127962 0.0 0.0231044 0.0 0.0255924
730 15.9779 2.991 151.448 4.66 -0.0044 0.0173216 0.0734 0.0207411 0.0 0.0346432 0.0 0.0414822
731 -5.58 3.2561 194.402 4.545 -0.0192 0.0148396 0.0549 0.0163514 0.0 0.0296792 0.0 0.0327028
732 -8.9419 3.1217 180.819 4.5408 -0.0186 0.0152759 0.0659 0.0172168 0.0 0.0305518 0.0 0.0344336
733 -13.0221 3.4143 220.351 4.4487 -0.0159 0.0134417 0.04 0.0143901 0.0 0.0268834 0.0 0.0287802
734 -8.5712 3.0194 207.241 4.1838 -0.0112 0.0128561 0.0547 0.0141928 0.0 0.0257122 0.0 0.0283856
735 43.5685 2.9717 143.859 4.9726 -0.0279 0.0177012 0.1066 0.0232829 0.0 0.0354024 0.0 0.0465658
736 28.5047 3.0083 136.576 4.9278 -0.0053 0.0192371 0.0873 0.0243263 0.0 0.0384742 0.0 0.0486526
737 -3.9465 3.2047 201.816 4.432 -0.0061 0.0141492 0.0547 0.0153736 0.0 0.0282984 0.0 0.0307472
738 -12.6448 3.0686 198.167 4.462 0.0172 0.0137345 0.0778 0.0153989 0.0 0.027469 0.0 0.0307978
739 70.6531 2.8849 146.1 4.5606 -0.0066 0.0172893 0.0719 0.021104 0.0 0.0345786 0.0 0.042208
740 80.3642 3.0048 149.956 4.7351 -0.0218 0.017362 0.0782 0.0209996 0.0 0.034724 0.0 0.0419992
741 91.0273 2.6507 145.813 4.1266 -0.0031 0.0158233 0.069 0.0192433 0.0 0.0316466 0.0 0.0384866
742 66.3442 3.0558 148.151 4.8287 0.0035 0.0178773 0.0777 0.0217327 0.0 0.0357546 0.0 0.0434654
743 23.761 2.9482 145.55 4.9259 -0.0151 0.0174595 0.1031 0.0227587 0.0 0.034919 0.0 0.0455174
744 13.3964 3.1175 165.808 4.5998 0.0127 0.0166803 0.059 0.0188257 0.0 0.0333606 0.0 0.0376514
745 98.6773 2.5801 159.693 3.8637 -0.0131 0.014198 0.0611 0.0165736 0.0 0.028396 0.0 0.0331472
746 49.198 3.3338 139.379 5.4976 -0.0175 0.0205975 0.0939 0.0266373 0.0 0.041195 0.0 0.0532746
747 120.984 3.1682 183.907 4.1395 -0.0408 0.0150145 0.0198 0.0165377 0.0 0.030029 0.0 0.0330754
748 124.0198 3.1149 178.703 4.3895 -0.071 0.0147994 0.0651 0.0171717 0.0 0.0295988 0.0 0.0343434
749 122.1507 3.3976 183.927 4.2571 -0.0201 0.0162918 -0.0033 0.0174834 0.0 0.0325836 0.0 0.0349668
750 63.5242 3.0654 137.86 5.0812 -0.0123 0.0189713 0.1009 0.0247142 0.0 0.0379426 0.0 0.0494284
751 45.6578 3.0902 133.213 5.3821 0.0036 0.0197518 0.119 0.0272256 0.0 0.0395036 0.0 0.0544512
752 37.4832 2.963 142.765 4.9087 -0.0092 0.0179297 0.098 0.0230897 0.0 0.0358594 0.0 0.0461794
753 20.7005 2.9625 152.227 4.7682 0.0112 0.0171015 0.089 0.0209675 0.0 0.034203 0.0 0.041935
754 55.7172 3.0491 136.722 5.0262 0.0123 0.0192652 0.0896 0.0245923 0.0 0.0385304 0.0 0.0491846
755 0.6282 3.0087 168.668 4.5171 0.0073 0.0158562 0.0698 0.0181624 0.0 0.0317124 0.0 0.0363248
756 77.8191 2.7688 140.383 4.3015 -0.0102 0.017047 0.0647 0.0207482 0.0 0.034094 0.0 0.0414964
757 89.4333 2.8478 141.644 4.5426 -0.0141 0.0173538 0.082 0.0215663 0.0 0.0347076 0.0 0.0431326
758 70.8298 2.9484 139.827 4.8967 -0.0192 0.0184764 0.0904 0.0236547 0.0 0.0369528 0.0 0.0473094
759 107.0005 2.9234 160.859 4.551 -0.015 0.0159516 0.0813 0.0188323 0.0 0.0319032 0.0 0.0376646
760 117.1222 3.1078 178.988 4.5532 -0.0294 0.0153007 0.0586 0.0170415 0.0 0.0306014 0.0 0.034083
761 131.9067 3.1437 186.286 4.2463 -0.0534 0.0145562 0.0371 0.0162866 0.0 0.0291124 0.0 0.0325732
762 123.0612 2.9807 168.689 4.224 -0.0217 0.0155163 0.0449 0.0173872 0.0 0.0310326 0.0 0.0347744
763 125.0288 3.1134 185.402 4.2653 -0.0488 0.0144885 0.0493 0.0163022 0.0 0.028977 0.0 0.0326044
764 120.918 3.427 170.347 4.8694 -0.0508 0.0173646 0.0501 0.0200365 0.0 0.0347292 0.0 0.040073
765 117.2129 3.0304 190.342 3.8672 -0.0532 0.0139083 0.0149 0.0152336 0.0 0.0278166 0.0 0.0304672
766 124.5768 3.3355 187.508 4.3283 -0.0488 0.0153645 0.0234 0.0169644 0.0 0.030729 0.0 0.0339288
767 114.3284 3.0048 163.644 4.4406 -0.0235 0.016063 0.0581 0.0185917 0.0 0.032126 0.0 0.0371834
768 93.8731 2.9511 148.915 4.6124 -0.0141 0.0171895 0.0717 0.0208551 0.0 0.034379 0.0 0.0417102
769 112.4296 3.1406 165.396 4.4108 -0.0426 0.0164538 0.0382 0.0187306 0.0 0.0329076 0.0 0.0374612
770 97.2357 2.6865 143.449 4.3776 0.0144 0.016203 0.0842 0.0203834 0.0 0.032406 0.0 0.0407668
771 107.6672 2.775 149.361 4.1914 -0.0321 0.0160664 0.0582 0.0193148 0.0 0.0321328 0.0 0.0386296
772 120.6335 2.931 168.638 4.2297 -0.0193 0.0152784 0.0533 0.0173112 0.0 0.0305568 0.0 0.0346224
773 24.6525 2.7309 153.03 4.0874 0.0188 0.0157327 0.0551 0.0183631 0.0 0.0314654 0.0 0.0367262
774 62.8343 2.8503 138.933 4.3593 -0.0273 0.0178633 0.0539 0.0217702 0.0 0.0357266 0.0 0.0435404
775 38.4207 3.0011 142.3 4.5625 -0.0055 0.0185215 0.0578 0.0219437 0.0 0.037043 0.0 0.0438874
776 111.4102 2.7035 155.362 4.0598 -0.0198 0.0152615 0.0571 0.0178621 0.0 0.030523 0.0 0.0357242
777 85.3184 2.8001 142.495 4.4208 -0.043 0.0167982 0.0752 0.0212474 0.0 0.0335964 0.0 0.0424948
778 49.0622 3.1599 150.527 4.9432 0.0051 0.018357 0.0766 0.0220365 0.0 0.036714 0.0 0.044073
779 16.6949 2.8112 150.263 4.571 0.0091 0.0162306 0.0875 0.0202606 0.0 0.0324612 0.0 0.0405212
780 29.3038 3.073 147.704 5.2822 0.0088 0.0179334 0.1269 0.024051 0.0 0.0358668 0.0 0.048102
781 -3.8047 3.1703 178.802 4.6607 -0.0308 0.0155742 0.0711 0.0178544 0.0 0.0311484 0.0 0.0357088
782 2.4567 3.0733 158.752 5.0381 -0.0212 0.0167397 0.1125 0.0213166 0.0 0.0334794 0.0 0.0426332
783 24.7869 2.8578 142.102 4.7312 -0.0317 0.0172475 0.0959 0.0225793 0.0 0.034495 0.0 0.0451586
784 14.5961 3.1252 162.568 4.8411 -0.0228 0.0168135 0.0788 0.0199328 0.0 0.033627 0.0 0.0398656
785 10.6283 3.0473 160.514 4.4339 -0.0259 0.0166875 0.0443 0.0190038 0.0 0.033375 0.0 0.0380076
786 13.1219 2.8386 159.422 4.3016 -0.0144 0.0156897 0.066 0.0184305 0.0 0.0313794 0.0 0.036861
787 61.0267 3.3298 142.385 5.3923 -0.0635 0.0197211 0.1008 0.0261217 0.0 0.0394422 0.0 0.0522434
788 77.5111 3.164 138.075 5.0826 -0.0233 0.0196959 0.0791 0.024891 0.0 0.0393918 0.0 0.049782
789 32.7229 3.1436 143.701 4.8806 0.0186 0.019113 0.0684 0.022874 0.0 0.038226 0.0 0.045748
790 81.2369 2.8442 135.481 4.5599 -0.0426 0.0178893 0.0792 0.0231586 0.0 0.0357786 0.0 0.0463172
791 48.0251 3.1536 150.528 5.0195 0.0083 0.0182896 0.0853 0.0223457 0.0 0.0365792 0.0 0.0446914
792 90.2193 2.8084 145.993 4.0796 -0.0187 0.0168121 0.0376 0.0194524 0.0 0.0336242 0.0 0.0389048
793 68.4688 2.9074 147.034 4.4459 -0.0013 0.0173255 0.0616 0.0205507 0.0 0.034651 0.0 0.0411014
794 23.3457 2.9242 143.359 4.9246 0.0155 0.017539 0.1081 0.0230746 0.0 0.035078 0.0 0.0461492
795 52.315 2.7973 145.875 4.3358 -0.0134 0.0167306 0.0645 0.0203009 0.0 0.0334612 0.0 0.0406018
796 13.3982 2.8865 138.8 4.7758 0.0173 0.0179576 0.095 0.0232878 0.0 0.0359152 0.0 0.0465756
797 2.1546 3.1933 166.526 5.0036 0.0283 0.0167685 0.0847 0.0197379 0.0 0.033537 0.0 0.0394758
798 -5.8555 2.8955 162.367 4.4287 0.0033 0.0157192 0.0755 0.0184615 0.0 0.0314384 0.0 0.036923
799 -13.4728 3.2016 184.626 4.728 0.0041 0.0154011 0.0739 0.0173469 0.0 0.0308022 0.0 0.0346938
800 -2.8842 3.0118 175.378 4.2354 -0.0251 0.015211 0.044 0.0169727 0.0 0.030422 0.0 0.0339454
801 91.7815 2.8417 142.065 4.6922 -0.0086 0.0175698 0.0917 0.0222048 0.0 0.0351396 0.0 0.0444096
802 124.9948 3.1963 180.577 4.3616 -0.0419 0.0154395 0.0376 0.017266 0.0 0.030879 0.0 0.034532
803 -8.7714 2.997 186.896 4.1067 -0.0293 0.0144916 0.0416 0.015615 0.0 0.0289832 0.0 0.03123
804 -5.9677 2.9706 173.269 4.4345 -0.0038 0.0152243 0.0715 0.0174447 0.0 0.0304486 0.0 0.0348894
805 28.845 2.9492 148.973 4.519 0.0207 0.0173538 0.0651 0.0205432 0.0 0.0347076 0.0 0.0410864
806 -8.1723 3.2185 178.342 4.8439 -0.0155 0.0162121 0.0787 0.0182366 0.0 0.0324242 0.0 0.0364732
807 60.6774 3.0757 140.466 4.996 0.0337 0.0188753 0.0838 0.0240625 0.0 0.0377506 0.0 0.048125
808 21.5023 2.9766 143.934 4.8957 0.0022 0.0178804 0.0962 0.0229034 0.0 0.0357608 0.0 0.0458068
809 -10.9308 3.1194 177.977 4.3017 0.0065 0.0157926 0.0376 0.0168913 0.0 0.0315852 0.0 0.0337826
810 39.2306 2.9335 139.832 4.765 0.0226 0.0180863 0.0821 0.0228461 0.0 0.0361726 0.0 0.0456922
811 3.4456 2.8244 161.545 4.2356 -0.0084 0.0154143 0.0675 0.0178112 0.0 0.0308286 0.0 0.0356224
812 8.1948 2.7997 149.221 4.6044 0.0077 0.0163151 0.0976 0.0208223 0.0 0.0326302 0.0 0.0416446
813 -17.3108 3.0365 189.48 4.1996 -0.0277 0.0141616 0.0486 0.0156583 0.0 0.0283232 0.0 0.0313166
814 16.0986 3.1108 156.247 4.6962 -0.0342 0.0172839 0.0672 0.0205854 0.0 0.0345678 0.0 0.0411708
815 47.6708 3.0084 149.758 4.814 0.0116 0.0174911 0.0809 0.0213177 0.0 0.0349822 0.0 0.0426354
816 31.6228 2.8545 132.571 4.9969 0.0192 0.0183688 0.1161 0.0253905 0.0 0.0367376 0.0 0.050781
817 11.199 3.0937 156.281 4.6069 0.0096 0.0175381 0.0589 0.0200874 0.0 0.0350762 0.0 0.0401748
818 -6.1097 2.9927 161.995 4.7997 0.017 0.0161528 0.0989 0.0199006 0.0 0.0323056 0.0 0.0398012
819 -14.5975 3.1125 185.985 4.3854 -0.0047 0.0149968 0.0525 0.0163513 0.0 0.0299936 0.0 0.0327026
820 12.1669 3.2427 147.752 5.3061 -0.0339 0.0190293 0.1056 0.0241034 0.0 0.0380586 0.0 0.0482068
821 -8.4627 3.026 190.876 4.263 -0.0026 0.0142181 0.0544 0.0155497 0.0 0.0284362 0.0 0.0310994
822 -8.6846 3.3288 194.659 4.845 -0.0331 0.0149774 0.0803 0.016931 0.0 0.0299548 0.0 0.033862
823 -12.9257 3.0186 201.405 4.0463 -0.0068 0.0133958 0.038 0.0144391 0.0 0.0267916 0.0 0.0288782
824 -16.4163 3.1702 212.0 4.2025 -0.0214 0.0131359 0.0421 0.0143894 0.0 0.0262718 0.0 0.0287788
825 -10.805 2.8409 197.947 3.8658 0.0091 0.0129133 0.0396 0.0138629 0.0 0.0258266 0.0 0.0277258
826 101.4586 3.0438 154.185 4.7236 -0.0176 0.0171639 0.0739 0.0206122 0.0 0.0343278 0.0 0.0412244
827 76.4865 3.0319 139.462 4.9452 0.0215 0.0187473 0.0895 0.0237702 0.0 0.0374946 0.0 0.0475404
828 110.7567 2.774 155.494 4.1835 -0.0046 0.0156368 0.0634 0.0183481 0.0 0.0312736 0.0 0.0366962
829 108.769 2.8995 156.712 4.2342 -0.0158 0.0163688 0.0532 0.0184388 0.0 0.0327376 0.0 0.0368776
830 86.3032 2.8556 132.062 4.9749 -0.0037 0.0183658 0.1177 0.0256374 0.0 0.0367316 0.0 0.0512748
831 61.5672 2.9646 131.456 5.1569 -0.0274 0.0191178 0.1258 0.0269648 0.0 0.0382356 0.0 0.0539296
832 40.3255 2.8968 140.609 4.4331 -0.0137 0.0179647 0.0635 0.0215994 0.0 0.0359294 0.0 0.0431988
833 33.5085 3.2571 144.344 4.677 0.0042 0.0200412 0.035 0.0223105 0.0 0.0400824 0.0 0.044621
834 11.8215 2.7938 146.969 4.7803 0.0415 0.016299 0.1262 0.021838 0.0 0.032598 0.0 0.043676
835 28.321 2.8205 137.401 4.5744 -0.03 0.017625 0.0849 0.0227678 0.0 0.03525 0.0 0.0455356
836 -0.6432 2.981 159.597 4.7133 -0.0191 0.0163003 0.0911 0.0199186 0.0 0.0326006 0.0 0.0398372
837 58.4724 3.0258 137.321 4.7507 -0.0281 0.0189776 0.0667 0.0237659 0.0 0.0379552 0.0 0.0475318
