docs/tutorial_notebooks/FCC167_input/met_es.ecsv
# %ECSV 1.0
# ---
# datatype:
# - {name: vbin_id, datatype: int64}
# - {name: age, datatype: float64}
# - {name: dage, datatype: float64}
# - {name: met, datatype: float64}
# - {name: dmet, datatype: float64}
# meta: !!omap
# - PSF:
#     sigma: [0.8]
#     weight: [1.0]
# schema: astropy-2.0
vbin_id age dage met dmet
[from data line 508]
       509   13.4000        1.3400        1.5400        0.1500
       510   13.1000        1.3100        1.6100        0.1600
       511   13.1700        1.3200        1.5200        0.1500
       512   13.1600        1.3200        1.5100        0.1500
       513   12.8100        1.2800        1.5100        0.1500
       514   12.8400        1.2800        1.5400        0.1500
       515   13.3800        1.3400        1.5900        0.1600
       516   13.2500        1.3200        1.6200        0.1600
       517   13.0200        1.3000        1.6000        0.1600
       518   12.3500        1.2300        1.5800        0.1600
       519   13.4600        1.3500        1.5300        0.1500
       520   12.0000        1.2000        1.6200        0.1600
       521   13.2500        1.3200        1.5900        0.1600
       522   12.9600        1.3000        1.6300        0.1600
       523   13.1100        1.3100        1.5000        0.1500
       524   13.1900        1.3200        1.5100        0.1500
       525   12.7500        1.2700        1.5500        0.1600
       526   13.1200        1.3100        1.5200        0.1500
       527   13.3100        1.3300        1.6100        0.1600
       528   13.2400        1.3200        1.5200        0.1500
       529   12.7400        1.2700        1.4800        0.1500
       530   12.6200        1.2600        1.5700        0.1600
       531   12.7400        1.2700        1.4900        0.1500
       532   13.1000        1.3100        1.5200        0.1500
       533   12.6400        1.2600        1.5000        0.1500
       534   13.3700        1.3400        1.5500        0.1600
       535   13.3400        1.3300        1.5800        0.1600
       536   12.5900        1.2600        1.4500        0.1500
       537   13.2800        1.3300        1.5700        0.1600
       538   12.9900        1.3000        1.5800        0.1600
       539   13.4400        1.3400        1.5500        0.1500
       540   13.0500        1.3000        1.6900        0.1700
       541   13.0100        1.3000        1.5100        0.1500
       542   12.8700        1.2900        1.6500        0.1700
       543   13.4800        1.3500        1.6600        0.1700
       544   13.0200        1.3000        1.4100        0.1400
       545   12.7600        1.2800        1.5600        0.1600
       546   13.2200        1.3200        1.4700        0.1500
       547   13.0900        1.3100        1.5700        0.1600
       548   13.1200        1.3100        1.4900        0.1500
       549   12.8400        1.2800        1.5000        0.1500
       550   12.5500        1.2600        1.4700        0.1500
       551   13.0300        1.3000        1.6500        0.1600
       552   12.8400        1.2800        1.5300        0.1500
       553   12.8500        1.2800        1.4200        0.1400
       554   13.0500        1.3000        1.5400        0.1500
       555   13.2500        1.3300        1.7100        0.1700
       556   13.0500        1.3100        1.6000        0.1600
       557   13.0700        1.3100        1.4100        0.1400
       558   12.8600        1.2900        1.4500        0.1400
       559   12.5700        1.2600        1.5600        0.1600
       560   13.1700        1.3200        1.5300        0.1500
       561   13.0500        1.3100        1.6400        0.1600
       562   13.0800        1.3100        1.4000        0.1400
       563   12.8900        1.2900        1.4400        0.1400
       564   12.8700        1.2900        1.4600        0.1500
       565   12.1800        1.2200        1.5800        0.1600
       566   12.1700        1.2200        1.4900        0.1500
       567   12.4400        1.2400        1.7300        0.1700
       568   12.7900        1.2800        1.5300        0.1500
       569   13.1300        1.3100        1.4700        0.1500
       570   12.6600        1.2700        1.6600        0.1700
       571   12.9100        1.2900        1.4500        0.1500
       572   12.5400        1.2500        1.4400        0.1400
       573   13.1800        1.3200        1.5500        0.1500
       574   12.4600        1.2500        1.3600        0.1400
       575   13.1500        1.3100        1.4500        0.1400
       576   12.9300        1.2900        1.5300        0.1500
       577   13.1800        1.3200        1.6600        0.1700
       578   12.2000        1.2200        1.4700        0.1500
       579   13.2300        1.3200        1.5400        0.1500
       580   12.8200        1.2800        1.5000        0.1500
       581   12.9000        1.2900        1.4700        0.1500
       582   12.9500        1.3000        1.4000        0.1400
       583   12.3500        1.2400        1.6400        0.1600
       584   13.2800        1.3300        1.5500        0.1600
       585   12.5400        1.2500        1.4400        0.1400
       586   12.7600        1.2800        1.5600        0.1600
       587   12.7900        1.2800        1.3900        0.1400
       588   13.3900        1.3400        1.6000        0.1600
       589   12.8500        1.2800        1.4800        0.1500
       590   12.8500        1.2900        1.5000        0.1500
       591   12.0600        1.2100        1.5100        0.1500
       592   12.8700        1.2900        1.3700        0.1400
       593   12.9400        1.2900        1.4800        0.1500
       594   12.9400        1.2900        1.5300        0.1500
       595   12.7700        1.2800        1.4800        0.1500
       596   13.1100        1.3100        1.5900        0.1600
       597   12.7500        1.2800        1.7200        0.1700
       598   13.2000        1.3200        1.5700        0.1600
       599   13.0600        1.3100        1.5800        0.1600
       600   13.2400        1.3200        1.5500        0.1500
       601   12.2700        1.2300        1.6100        0.1600
       602   12.9800        1.3000        1.4500        0.1500
       603   12.5100        1.2500        1.4100        0.1400
       604   12.7200        1.2700        1.4500        0.1400
       605   13.1000        1.3100        1.5000        0.1500
       606   12.8700        1.2900        1.4200        0.1400
       607   13.1400        1.3100        1.4900        0.1500
       608   12.7800        1.2800        1.4300        0.1400
       609   12.2100        1.2200        1.5300        0.1500
       610   13.0500        1.3000        1.4500        0.1400
       611   12.6600        1.2700        1.5900        0.1600
       612   12.7000        1.2700        1.5700        0.1600
       613   13.5300        1.3500        1.5100        0.1500
       614   12.0500        1.2100        1.4100        0.1400
       615   12.6200        1.2600        1.6700        0.1700
       616   12.7700        1.2800        1.4100        0.1400
       617   12.9300        1.2900        1.5200        0.1500
       618   12.9500        1.2900        1.5100        0.1500
       619   12.2100        1.2200        1.6300        0.1600
       620   12.9900        1.3000        1.3700        0.1400
       621   12.5100        1.2500        1.5400        0.1500
       622   12.3500        1.2300        1.5100        0.1500
       623   12.6700        1.2700        1.5100        0.1500
       624   12.8300        1.2800        1.5300        0.1500
       625   12.5600        1.2600        1.4300        0.1400
       626   12.9400        1.2900        1.4100        0.1400
       627   12.8000        1.2800        1.5700        0.1600
       628   12.8900        1.2900        1.3900        0.1400
       629   12.7200        1.2700        1.4700        0.1500
       630   12.9100        1.2900        1.5100        0.1500
       631   12.8400        1.2800        1.6000        0.1600
       632   12.7400        1.2700        1.5000        0.1500
       633   12.7300        1.2700        1.4800        0.1500
       634   12.2200        1.2200        1.4300        0.1400
       635   13.1800        1.3200        1.4100        0.1400
       636   12.4700        1.2500        1.5500        0.1600
       637   13.0300        1.3000        1.5000        0.1500
       638   13.2600        1.3300        1.6400        0.1600
       639   12.0900        1.2100        1.5500        0.1500
       640   11.9600        1.2000        1.5800        0.1600
       641   12.9800        1.3000        1.5300        0.1500
       642   12.1700        1.2200        1.4700        0.1500
       643   12.6700        1.2700        1.4000        0.1400
       644   11.4500        1.1400        1.5700        0.1600
       645   12.2900        1.2300        1.6000        0.1600
       646   13.0300        1.3000        1.4700        0.1500
       647   13.0800        1.3100        1.6100        0.1600
       648   12.9400        1.2900        1.3600        0.1400
       649   12.9600        1.3000        1.5800        0.1600
       650   12.5300        1.2500        1.5800        0.1600
       651   13.1200        1.3100        1.4800        0.1500
       652   13.0100        1.3000        1.5700        0.1600
       653   12.1300        1.2100        1.6800        0.1700
       654   12.9500        1.3000        1.5700        0.1600
       655   12.3200        1.2300        1.6200        0.1600
       656   12.8100        1.2800        1.4700        0.1500
       657   12.6100        1.2600        1.3400        0.1300
       658   12.4800        1.2500        1.4600        0.1500
       659   11.8000        1.1800        1.6000        0.1600
       660   12.5500        1.2500        1.4900        0.1500
       661   13.2300        1.3200        1.3800        0.1400
       662   12.2600        1.2300        1.6100        0.1600
       663   12.2500        1.2300        1.4800        0.1500
       664   12.1800        1.2200        1.5100        0.1500
       665   12.7100        1.2700        1.4100        0.1400
       666   12.8900        1.2900        1.3700        0.1400
       667   12.2300        1.2200        1.3300        0.1300
       668   12.9900        1.3000        1.5900        0.1600
       669   11.8800        1.1900        1.4500        0.1500
       670   12.7000        1.2700        1.5900        0.1600
       671   11.8000        1.1800        1.6600        0.1700
       672   12.7400        1.2700        1.4800        0.1500
       673   13.1700        1.3200        1.3500        0.1400
       674   12.8600        1.2900        1.3700        0.1400
       675   12.0900        1.2100        1.4500        0.1400
       676   12.7700        1.2800        1.5000        0.1500
       677   12.4500        1.2500        1.4800        0.1500
       678   12.7900        1.2800        1.5500        0.1500
       679   12.8500        1.2900        1.5100        0.1500
       680   11.6900        1.1700        2.0800        0.2100
       681   11.8600        1.1900        1.5500        0.1600
       682   13.0400        1.3000        1.5200        0.1500
       683   13.2300        1.3200        1.3100        0.1300
       684   13.0400        1.3000        1.6100        0.1600
       685   13.2400        1.3200        1.5000        0.1500
       686   12.2800        1.2300        1.7100        0.1700
       687   12.9800        1.3000        1.6100        0.1600
       688   12.0400        1.2000        1.3300        0.1300
       689   12.6800        1.2700        1.2800        0.1300
       690   11.9000        1.1900        1.4800        0.1500
       691   12.3600        1.2400        1.5400        0.1500
       692   13.0800        1.3100        1.3900        0.1400
       693   12.4800        1.2500        1.4600        0.1500
       694   13.0300        1.3000        1.5100        0.1500
       695   12.8600        1.2900        1.6100        0.1600
       696   11.2300        1.1200        1.7800        0.1800
       697   12.5400        1.2500        1.5700        0.1600
       698   13.0100        1.3000        1.6800        0.1700
       699   12.4600        1.2500        1.6800        0.1700
       700   12.9600        1.3000        1.3000        0.1300
       701   12.5700        1.2600        1.3900        0.1400
       702   12.7500        1.2700        1.4900        0.1500
       703   12.0800        1.2100        1.4300        0.1400
       704   11.9900        1.2000        1.3600        0.1400
       705   12.1800        1.2200        1.5000        0.1500
       706   12.0000        1.2000        1.5500        0.1600
       707   12.6700        1.2700        1.2800        0.1300
       708   12.6300        1.2600        1.4400        0.1400
       709   11.8800        1.1900        1.5500        0.1500
       710   11.2100        1.1200        1.5900        0.1600
       711   11.3800        1.1400        1.6200        0.1600
       712   12.4600        1.2500        1.4800        0.1500
       713   11.9900        1.2000        1.5800        0.1600
       714   12.9900        1.3000        1.2600        0.1300
       715   12.2700        1.2300        1.4100        0.1400
       716   12.1000        1.2100        1.6400        0.1600
       717   13.5000        1.3500        1.1600        0.1200
       718   12.7600        1.2800        1.3600        0.1400
       719   12.4300        1.2400        1.3500        0.1400
       720   11.9400        1.1900        1.4900        0.1500
       721   12.6700        1.2700        1.3300        0.1300
       722   12.5500        1.2500        1.5100        0.1500
       723   12.1300        1.2100        1.5600        0.1600
       724   12.3400        1.2300        1.5500        0.1500
       725   12.9300        1.2900        1.5500        0.1500
       726   13.2300        1.3200        1.3900        0.1400
       727   12.0500        1.2100        1.6500        0.1700
       728   12.6400        1.2600        1.6100        0.1600
       729   12.8100        1.2800        1.2000        0.1200
       730   12.7200        1.2700        1.2800        0.1300
       731   12.1300        1.2100        1.6200        0.1600
       732   12.4300        1.2400        1.5300        0.1500
       733   12.3400        1.2300        1.3500        0.1400
       734   12.2400        1.2200        1.7000        0.1700
       735   12.2600        1.2300        1.6500        0.1600
       736   12.5900        1.2600        1.6100        0.1600
       737   12.5000        1.2500        1.5300        0.1500
       738   11.3800        1.1400        1.5800        0.1600
       739   12.7900        1.2800        1.1500        0.1100
       740   11.9100        1.1900        1.4400        0.1400
       741   11.9200        1.1900        1.5500        0.1500
       742   12.0400        1.2000        1.7600        0.1800
       743   12.9700        1.3000        1.5100        0.1500
       744   12.8200        1.2800        1.3500        0.1300
       745   12.7700        1.2800        1.3600        0.1400
       746   12.9200        1.2900        1.3600        0.1400
       747   12.5500        1.2500        1.5300        0.1500
       748   12.8600        1.2900        1.4900        0.1500
       749   12.8800        1.2900        1.2200        0.1200
       750   12.8400        1.2800        1.3300        0.1300
       751   13.0400        1.3000        1.2400        0.1200
       752   12.4700        1.2500        1.4800        0.1500
       753   11.4300        1.1400        1.7800        0.1800
       754   11.1100        1.1100        1.5500        0.1600
       755   12.2200        1.2200        1.4500        0.1500
       756   12.6900        1.2700        1.2000        0.1200
       757   11.8300        1.1800        1.4700        0.1500
       758   12.2600        1.2300        1.2600        0.1300
       759   12.8700        1.2900        1.3200        0.1300
       760   12.6200        1.2600        1.5500        0.1500
       761   11.4600        1.1500        1.6200        0.1600
