docs/tutorial_notebooks/FCC167_input/met_es.ecsv
# %ECSV 1.0
# ---
# datatype:
# - {name: vbin_id, datatype: int64}
# - {name: age, datatype: float64}
# - {name: dage, datatype: float64}
# - {name: met, datatype: float64}
# - {name: dmet, datatype: float64}
# meta: !!omap
# - PSF:
#     sigma: [0.8]
#     weight: [1.0]
# schema: astropy-2.0
vbin_id age dage met dmet
[from data line 254]
       255   11.7000        1.1700        1.3500        0.1300
       256   12.8900        1.2900        1.4900        0.1500
       257   12.0200        1.2000        1.3400        0.1300
       258   12.6900        1.2700        1.3800        0.1400
       259   12.4700        1.2500        1.7200        0.1700
       260   13.3200        1.3300        1.5600        0.1600
       261   12.4700        1.2500        1.5000        0.1500
       262   12.8200        1.2800        1.3500        0.1400
       263   13.3300        1.3300        1.6000        0.1600
       264   12.4300        1.2400        1.3400        0.1300
       265   12.2800        1.2300        1.5700        0.1600
       266   13.1000        1.3100        1.7600        0.1800
       267   12.6100        1.2600        1.1900        0.1200
       268   12.8600        1.2900        1.2700        0.1300
       269   12.3000        1.2300        1.4200        0.1400
       270   11.6600        1.1700        1.3100        0.1300
       271   13.0300        1.3000        1.3600        0.1400
       272   13.0600        1.3100        1.4800        0.1500
       273   12.1200        1.2100        1.4700        0.1500
       274   12.9000        1.2900        1.4400        0.1400
       275   13.0200        1.3000        1.3900        0.1400
       276   12.8500        1.2900        1.4200        0.1400
       277   13.0800        1.3100        1.4500        0.1500
       278   13.0500        1.3000        1.6400        0.1600
       279   12.4200        1.2400        1.6100        0.1600
       280   12.8200        1.2800        1.6400        0.1600
       281   13.0800        1.3100        1.4600        0.1500
       282   12.9400        1.2900        1.5400        0.1500
       283    9.8500        0.9800        1.6500        0.1600
       284   12.6100        1.2600        1.1500        0.1200
       285   12.6700        1.2700        1.2600        0.1300
       286   12.0500        1.2100        1.1700        0.1200
       287   11.8200        1.1800        1.2000        0.1200
       288   11.9000        1.1900        1.4800        0.1500
       289   12.7300        1.2700        1.2200        0.1200
       290   12.9200        1.2900        1.4700        0.1500
       291   13.0700        1.3100        1.5500        0.1500
       292   12.6600        1.2700        1.4400        0.1400
       293   12.1400        1.2100        1.3700        0.1400
       294   12.2200        1.2200        1.5400        0.1500
       295   12.6600        1.2700        1.4500        0.1400
       296   13.2300        1.3200        1.5600        0.1600
       297   12.4500        1.2400        1.1300        0.1100
       298   13.2000        1.3200        1.3800        0.1400
       299   12.7700        1.2800        1.4700        0.1500
       300   12.9600        1.3000        1.4300        0.1400
       301   13.2200        1.3200        1.5200        0.1500
       302   12.7600        1.2800        1.1300        0.1100
       303   13.1600        1.3200        1.2800        0.1300
       304   12.8600        1.2900        1.2500        0.1300
       305   12.4900        1.2500        1.2400        0.1200
       306   12.7600        1.2800        1.4700        0.1500
       307   12.9700        1.3000        1.6800        0.1700
       308   12.4000        1.2400        1.5000        0.1500
       309   12.4900        1.2500        1.2800        0.1300
       310   12.7800        1.2800        1.4900        0.1500
       311   13.1600        1.3200        1.6900        0.1700
       312   12.9300        1.2900        1.4500        0.1400
       313   13.0100        1.3000        1.5400        0.1500
       314   11.9700        1.2000        1.3900        0.1400
       315   12.8200        1.2800        1.7600        0.1800
       316   12.6500        1.2600        1.6100        0.1600
       317   13.0400        1.3000        1.6800        0.1700
       318   13.5500        1.3600        1.7900        0.1800
       319   13.1100        1.3100        1.7700        0.1800
       320   13.1500        1.3100        1.5600        0.1600
       321   13.1300        1.3100        1.8200        0.1800
       322   11.8500        1.1900        1.4900        0.1500
       323   12.9000        1.2900        1.4800        0.1500
       324   13.1300        1.3100        1.8900        0.1900
       325   13.2900        1.3300        1.8800        0.1900
       326   13.0800        1.3100        1.7000        0.1700
       327   13.0700        1.3100        1.6000        0.1600
       328   13.3100        1.3300        1.5600        0.1600
       329   13.1700        1.3200        1.7000        0.1700
       330   12.8400        1.2800        1.3100        0.1300
       331   12.6800        1.2700        1.3400        0.1300
       332   13.1400        1.3100        1.5000        0.1500
       333   12.9800        1.3000        1.4200        0.1400
       334   12.6200        1.2600        1.2600        0.1300
       335   12.6800        1.2700        1.5400        0.1500
       336   12.8100        1.2800        1.9300        0.1900
       337   13.2400        1.3200        1.7000        0.1700
       338   13.4700        1.3500        1.7900        0.1800
       339   13.3000        1.3300        1.7100        0.1700
       340   12.8100        1.2800        1.6200        0.1600
       341   12.7900        1.2800        1.2500        0.1300
       342   12.6700        1.2700        1.3700        0.1400
       343   12.7700        1.2800        1.4200        0.1400
       344   12.7700        1.2800        1.6400        0.1600
       345   12.7800        1.2800        1.4200        0.1400
       346   12.5700        1.2600        1.4100        0.1400
       347   13.2100        1.3200        1.6400        0.1600
       348   12.4200        1.2400        1.2500        0.1300
       349   12.8800        1.2900        1.6200        0.1600
       350   12.8400        1.2800        1.4400        0.1400
       351   13.1900        1.3200        1.6700        0.1700
       352   13.1700        1.3200        1.7600        0.1800
       353   13.2800        1.3300        1.8700        0.1900
       354   13.2900        1.3300        1.8800        0.1900
       355   13.4200        1.3400        1.8300        0.1800
       356   13.1900        1.3200        1.5300        0.1500
       357   13.2300        1.3200        2.0300        0.2000
       358   13.3300        1.3300        1.6600        0.1700
       359   12.7300        1.2700        1.8400        0.1800
       360   12.6500        1.2700        1.2800        0.1300
       361   13.4000        1.3400        1.5800        0.1600
       362   13.3400        1.3300        1.8600        0.1900
       363   12.2200        1.2200        1.3900        0.1400
       364   12.4800        1.2500        1.5500        0.1500
       365   13.3200        1.3300        1.9600        0.2000
       366   13.3600        1.3400        1.6000        0.1600
       367   12.7200        1.2700        1.3800        0.1400
       368   13.0800        1.3100        1.5000        0.1500
       369   12.8000        1.2800        1.9600        0.2000
       370   12.8400        1.2800        1.9300        0.1900
       371   13.2400        1.3200        1.5600        0.1600
       372   13.4800        1.3500        1.8600        0.1900
       373   13.4000        1.3400        1.7600        0.1800
       374   13.3600        1.3400        1.5500        0.1600
       375   13.5900        1.3600        1.7300        0.1700
       376   11.7100        1.1700        1.3700        0.1400
       377   13.0100        1.3000        1.5800        0.1600
       378   13.3200        1.3300        1.6800        0.1700
       379   13.2600        1.3300        1.6100        0.1600
       380   13.3000        1.3300        1.6000        0.1600
       381   13.4200        1.3400        1.7600        0.1800
       382   13.3900        1.3400        1.6600        0.1700
       383   13.4200        1.3400        1.6800        0.1700
       384   13.1800        1.3200        1.8700        0.1900
       385   13.2900        1.3300        1.8900        0.1900
       386   13.3500        1.3300        1.7600        0.1800
       387   13.3900        1.3400        1.8200        0.1800
       388   13.3600        1.3400        1.7300        0.1700
       389   13.2600        1.3300        1.6800        0.1700
       390   13.0100        1.3000        1.7200        0.1700
       391   13.2700        1.3300        1.7600        0.1800
       392   13.3300        1.3300        1.6300        0.1600
       393   13.1200        1.3100        1.6100        0.1600
       394   12.6600        1.2700        1.4600        0.1500
       395   13.1500        1.3100        1.6300        0.1600
       396   13.1000        1.3100        1.5700        0.1600
       397   13.2200        1.3200        1.7600        0.1800
       398   13.1200        1.3100        1.4700        0.1500
       399   13.3300        1.3300        1.7400        0.1700
       400   12.9200        1.2900        1.7300        0.1700
       401   13.4700        1.3500        1.7400        0.1700
       402   12.9200        1.2900        1.4800        0.1500
       403   12.7400        1.2700        1.5900        0.1600
       404   13.1800        1.3200        1.8400        0.1800
       405   13.4000        1.3400        1.7800        0.1800
       406   12.5700        1.2600        1.4600        0.1500
       407   13.1300        1.3100        1.7300        0.1700
       408   13.2100        1.3200        1.7600        0.1800
       409   13.3700        1.3400        1.7100        0.1700
       410   13.1900        1.3200        1.5600        0.1600
       411   13.0500        1.3100        1.7900        0.1800
       412   13.0900        1.3100        1.7700        0.1800
       413   13.2900        1.3300        1.7600        0.1800
       414   13.4500        1.3500        1.7000        0.1700
       415   13.1100        1.3100        1.5900        0.1600
       416   12.9000        1.2900        1.6100        0.1600
       417   12.8500        1.2800        1.7300        0.1700
       418   13.4300        1.3400        1.5100        0.1500
       419   13.2600        1.3300        1.7600        0.1800
       420   13.2000        1.3200        1.5600        0.1600
       421   13.4600        1.3500        1.7200        0.1700
       422   13.0300        1.3000        1.7100        0.1700
       423   13.0600        1.3100        1.7000        0.1700
       424   13.0600        1.3100        1.6000        0.1600
       425   13.4000        1.3400        1.6300        0.1600
       426   13.2200        1.3200        1.7000        0.1700
       427   13.4200        1.3400        1.6400        0.1600
       428   13.3400        1.3300        1.6500        0.1600
       429   13.4900        1.3500        1.6900        0.1700
       430   13.3900        1.3400        1.6800        0.1700
       431   13.1400        1.3100        1.5900        0.1600
       432   13.1600        1.3200        1.6600        0.1700
       433   13.3500        1.3400        1.6200        0.1600
       434   13.2600        1.3300        1.7000        0.1700
       435   13.3400        1.3300        1.6800        0.1700
       436   13.1700        1.3200        1.6300        0.1600
       437   13.3000        1.3300        1.5800        0.1600
       438   13.3400        1.3300        1.6400        0.1600
       439   13.0500        1.3100        1.6200        0.1600
       440   13.2200        1.3200        1.5500        0.1600
       441   13.3700        1.3400        1.6000        0.1600
       442   12.4700        1.2500        1.6000        0.1600
       443   13.1600        1.3200        1.7000        0.1700
       444   13.3000        1.3300        1.7000        0.1700
       445   13.2100        1.3200        1.5800        0.1600
       446   13.2600        1.3300        1.6100        0.1600
       447   13.1800        1.3200        1.6400        0.1600
       448   13.3000        1.3300        1.7200        0.1700
       449   12.3400        1.2300        1.5500        0.1600
       450   13.2100        1.3200        1.6900        0.1700
       451   13.3500        1.3400        1.6800        0.1700
       452   13.4500        1.3500        1.6000        0.1600
       453   12.8800        1.2900        1.4900        0.1500
       454   13.2700        1.3300        1.6300        0.1600
       455   13.0800        1.3100        1.7400        0.1700
       456   13.0600        1.3100        1.6500        0.1600
       457   13.1800        1.3200        1.6900        0.1700
       458   12.6800        1.2700        1.6700        0.1700
       459   13.1100        1.3100        1.5600        0.1600
       460   13.5000        1.3500        1.6900        0.1700
       461   12.8900        1.2900        1.5900        0.1600
       462   12.4700        1.2500        1.2600        0.1300
       463   11.6500        1.1600        1.4900        0.1500
       464   13.4000        1.3400        1.7700        0.1800
       465   13.2400        1.3200        1.5900        0.1600
       466   13.0300        1.3000        1.6100        0.1600
       467   13.0400        1.3000        1.6600        0.1700
       468   13.3300        1.3300        1.5700        0.1600
       469   13.1100        1.3100        1.6200        0.1600
       470   12.4800        1.2500        1.5800        0.1600
       471   13.2900        1.3300        1.7000        0.1700
       472   13.0600        1.3100        1.5400        0.1500
       473   12.7700        1.2800        1.6500        0.1700
       474   13.1300        1.3100        1.6400        0.1600
       475   13.3600        1.3400        1.5800        0.1600
       476   12.5800        1.2600        1.6500        0.1600
       477   13.0800        1.3100        1.6100        0.1600
       478   13.4600        1.3500        1.6800        0.1700
       479   13.2300        1.3200        1.5000        0.1500
       480   12.3400        1.2300        1.3400        0.1300
       481   11.8100        1.1800        1.4800        0.1500
       482   12.9300        1.2900        1.5300        0.1500
       483   12.9600        1.3000        1.5700        0.1600
       484   13.3700        1.3400        1.6300        0.1600
       485   12.9600        1.3000        1.6900        0.1700
       486   13.3400        1.3300        1.4700        0.1500
       487   13.0200        1.3000        1.6400        0.1600
       488   13.1900        1.3200        1.5800        0.1600
       489   13.1300        1.3100        1.5600        0.1600
       490   13.3100        1.3300        1.5000        0.1500
       491   13.2700        1.3300        1.6500        0.1700
       492   13.3300        1.3300        1.6300        0.1600
       493   13.0700        1.3100        1.5200        0.1500
       494   12.6200        1.2600        1.5700        0.1600
       495   13.1300        1.3100        1.4800        0.1500
       496   13.1100        1.3100        1.5900        0.1600
       497   13.3500        1.3300        1.6300        0.1600
       498   12.1600        1.2200        1.5700        0.1600
       499   12.5400        1.2500        1.5800        0.1600
       500   12.9100        1.2900        1.5200        0.1500
       501   13.2700        1.3300        1.6400        0.1600
       502   13.3500        1.3300        1.6500        0.1700
       503   13.1000        1.3100        1.5100        0.1500
       504   13.0900        1.3100        1.4900        0.1500
       505   12.6000        1.2600        1.4300        0.1400
       506   12.8900        1.2900        1.7300        0.1700
       507   13.2200        1.3200        1.6100        0.1600
