docs/tutorial_notebooks/FCC167_input/met_es.ecsv
# %ECSV 1.0
# ---
# datatype:
# - {name: vbin_id, datatype: int64}
# - {name: age, datatype: float64}
# - {name: dage, datatype: float64}
# - {name: met, datatype: float64}
# - {name: dmet, datatype: float64}
# meta: !!omap
# - PSF:
#     sigma: [0.8]
#     weight: [1.0]
# schema: astropy-2.0
vbin_id age dage met dmet
[from data line 762]
       763   11.8000        1.1800        1.4600        0.1500
       764   12.2100        1.2200        1.2700        0.1300
       765   12.9300        1.2900        1.1800        0.1200
       766   12.7200        1.2700        1.3300        0.1300
       767   12.8900        1.2900        1.2000        0.1200
       768   13.3100        1.3300        1.5300        0.1500
       769   12.7900        1.2800        1.4600        0.1500
       770   12.5300        1.2500        1.6000        0.1600
       771   12.3800        1.2400        1.3700        0.1400
       772   11.5000        1.1500        1.5400        0.1500
       773   11.6700        1.1700        1.5900        0.1600
       774   12.2400        1.2200        1.6700        0.1700
       775   11.0300        1.1000        1.6700        0.1700
       776   11.7500        1.1700        1.5300        0.1500
       777   11.1100        1.1100        1.5000        0.1500
       778   13.0300        1.3000        1.3400        0.1300
       779   11.7700        1.1800        1.7000        0.1700
       780   11.8600        1.1900        1.2400        0.1200
       781   12.4200        1.2400        1.5600        0.1600
       782   12.4600        1.2500        1.4900        0.1500
       783   12.7800        1.2800        1.5600        0.1600
       784   12.8700        1.2900        1.4500        0.1400
       785   12.9200        1.2900        1.1100        0.1100
       786   12.7600        1.2800        1.2100        0.1200
       787   12.4400        1.2400        1.3300        0.1300
       788   13.0800        1.3100        1.3400        0.1300
       789   12.7400        1.2700        1.2100        0.1200
       790   12.4000        1.2400        1.5400        0.1500
       791   11.9200        1.1900        1.6700        0.1700
       792   13.0200        1.3000        1.3100        0.1300
       793   12.6100        1.2600        1.4400        0.1400
       794   12.0500        1.2100        1.6700        0.1700
       795   12.8100        1.2800        1.3500        0.1400
       796   12.2800        1.2300        1.4200        0.1400
       797   12.7500        1.2800        1.2100        0.1200
       798   11.9500        1.2000        1.7100        0.1700
       799   12.1400        1.2100        1.5000        0.1500
       800   12.5400        1.2500        1.5400        0.1500
       801   11.7900        1.1800        1.5400        0.1500
       802   12.1200        1.2100        1.5500        0.1500
       803   12.5700        1.2600        1.3500        0.1300
       804   11.9900        1.2000        1.4900        0.1500
       805   12.5500        1.2500        1.2600        0.1300
       806   12.1900        1.2200        1.0200        0.1000
       807   11.7100        1.1700        1.3700        0.1400
       808   13.4600        1.3500        2.4900        0.2500
       809   11.1600        1.1200        1.3900        0.1400
       810   12.4500        1.2500        1.5000        0.1500
       811   12.9500        1.2900        1.1600        0.1200
       812   12.6600        1.2700        1.5200        0.1500
       813   11.5400        1.1500        1.6600        0.1700
       814   12.3100        1.2300        1.6100        0.1600
       815   11.7100        1.1700        1.4800        0.1500
       816   12.1700        1.2200        1.5000        0.1500
       817   12.4200        1.2400        1.2300        0.1200
       818   12.3300        1.2300        1.0500        0.1100
       819   12.5100        1.2500        0.6500        0.0700
       820   13.0800        1.3100        1.4100        0.1400
       821   12.3500        1.2300        1.2900        0.1300
       822   12.2700        1.2300        1.2800        0.1300
       823   11.9500        1.2000        1.4500        0.1400
       824   13.3200        1.3300        1.5400        0.1500
       825   11.5700        1.1600        1.5600        0.1600
       826   12.1300        1.2100        1.5900        0.1600
       827   12.1500        1.2200        1.6800        0.1700
       828   12.7500        1.2700        1.1900        0.1200
       829   12.4300        1.2400        1.2700        0.1300
       830   11.4900        1.1500        1.7100        0.1700
       831   11.9000        1.1900        1.5200        0.1500
       832   13.1000        1.3100        1.2100        0.1200
       833   10.5800        1.0600        1.4800        0.1500
       834   12.0200        1.2000        1.5100        0.1500
       835   11.7600        1.1800        1.6800        0.1700
       836   12.4300        1.2400        1.5600        0.1600
       837   12.8500        1.2800        1.5000        0.1500
       838   11.6300        1.1600        1.5500        0.1600
       839   12.6200        1.2600        1.6400        0.1600
       840   11.8000        1.1800        1.5900        0.1600
       841   11.6500        1.1600        1.5900        0.1600
       842   12.0600        1.2100        1.7500        0.1800
       843   12.6200        1.2600        1.1100        0.1100
       844   12.1000        1.2100        1.4100        0.1400
       845   11.6900        1.1700        1.5400        0.1500
       846   12.4700        1.2500        1.4100        0.1400
       847   12.5000        1.2500        1.4900        0.1500
       848   12.1300        1.2100        1.5300        0.1500
       849   12.2000        1.2200        1.5600        0.1600
       850   11.7900        1.1800        1.6100        0.1600
       851   11.1200        1.1100        1.3600        0.1400
       852   12.0100        1.2000        1.5400        0.1500
       853   11.4600        1.1500        1.5400        0.1500
       854   12.6700        1.2700        0.9900        0.1000
       855   12.2800        1.2300        1.5300        0.1500
       856   11.3100        1.1300        1.6500        0.1700
       857   11.3000        1.1300        1.6300        0.1600
       858   11.3500        1.1400        1.4800        0.1500
       859   11.8100        1.1800        1.5500        0.1500
       860   11.8800        1.1900        1.4600        0.1500
       861   12.3300        1.2300        1.5800        0.1600
       862   11.3800        1.1400        1.4700        0.1500
       863   11.8600        1.1900        1.5500        0.1600
       864   12.1600        1.2200        1.4900        0.1500
       865   11.7700        1.1800        1.4700        0.1500
       866   12.3400        1.2300        1.6000        0.1600
       867   11.8900        1.1900        1.6800        0.1700
       868   10.3000        1.0300        1.7300        0.1700
       869   11.6000        1.1600        1.7900        0.1800
       870   10.4800        1.0500        1.6100        0.1600
       871   11.5300        1.1500        1.5900        0.1600
       872   12.2200        1.2200        1.4000        0.1400
       873   10.7300        1.0700        1.4200        0.1400
       874   12.5200        1.2500        1.3700        0.1400
       875   11.3100        1.1300        1.4800        0.1500
       876   12.2300        1.2200        1.5900        0.1600
       877   11.8000        1.1800        1.5800        0.1600
       878   11.7300        1.1700        1.5200        0.1500
       879   12.4200        1.2400        1.4400        0.1400
       880   11.3900        1.1400        1.5000        0.1500
       881   11.3700        1.1400        1.6500        0.1700
       882   11.6100        1.1600        1.4700        0.1500
       883   12.8700        1.2900        1.5500        0.1600
       884   11.4500        1.1400        1.3100        0.1300
       885   11.9300        1.1900        1.7600        0.1800
       886   11.2700        1.1300        1.6000        0.1600
       887   11.4200        1.1400        1.5200        0.1500
       888   11.3800        1.1400        1.5500        0.1500
       889   11.8100        1.1800        1.4300        0.1400
       890   10.7800        1.0800        1.4100        0.1400
       891   11.2700        1.1300        1.4600        0.1500
       892   11.4800        1.1500        1.2600        0.1300
       893   12.8500        1.2900        1.3500        0.1300
       894   11.0400        1.1000        1.2700        0.1300
       895   12.2100        1.2200        1.3300        0.1300
       896   11.5500        1.1600        1.5100        0.1500
       897   10.7400        1.0700        1.4900        0.1500
       898   11.5300        1.1500        1.4200        0.1400
       899   10.4800        1.0500        1.2500        0.1300
       900    9.7300        0.9700        1.4200        0.1400
       901   11.5400        1.1500        1.7500        0.1800
       902    9.8300        0.9800        1.2700        0.1300
       903   10.5900        1.0600        1.5200        0.1500
       904   12.0600        1.2100        1.3800        0.1400
       905   10.6400        1.0600        1.2900        0.1300
       906   12.0500        1.2100        1.2400        0.1200
       907    9.0900        0.9100        1.7000        0.1700
       908   12.0800        1.2100        1.3500        0.1300
       909   10.5300        1.0500        1.3900        0.1400
       910   10.9200        1.0900        1.5200        0.1500
       911   10.4400        1.0400        1.6200        0.1600
       912   11.8400        1.1800        1.2600        0.1300
       913    9.2600        0.9300        1.7400        0.1700
       914    9.0100        0.9000        1.4300        0.1400
       915   11.0500        1.1100        1.5500        0.1600
       916   11.7700        1.1800        1.6800        0.1700
       917   12.9400        1.2900        1.4500        0.1500
       918    9.6700        0.9700        1.6100        0.1600
       919   12.3800        1.2400        1.3500        0.1400
       920    8.2700        0.8300        1.6800        0.1700
       921   12.0400        1.2000        1.3700        0.1400
       922   11.0300        1.1000        1.6500        0.1700
       923   11.1400        1.1100        1.6000        0.1600
       924   11.5000        1.1500        1.7000        0.1700
       925   12.2000        1.2200        1.3400        0.1300
       926   10.5800        1.0600        1.6400        0.1600
       927   12.7600        1.2800        1.1600        0.1200
       928   10.8000        1.0800        1.7100        0.1700
       929    8.9200        0.8900        1.6500        0.1700
       930    9.1200        0.9100        1.6800        0.1700
       931   10.7600        1.0800        1.5500        0.1600
       932   11.2900        1.1300        1.3500        0.1300
       933    9.6700        0.9700        1.5500        0.1500
       934   12.3500        1.2300        1.2700        0.1300
       935   10.0900        1.0100        1.8200        0.1800
       936   10.0800        1.0100        1.6000        0.1600
       937    8.5500        0.8600        1.7400        0.1700
       938    9.5200        0.9500        1.5100        0.1500
       939   12.2500        1.2300        1.2500        0.1200
       940   11.0000        1.1000        1.7300        0.1700
       941   10.6700        1.0700        1.6600        0.1700
       942    6.4200        0.6400        1.0600        0.1100
       943   11.4300        1.1400        1.2000        0.1200
       944    9.4900        0.9500        1.6100        0.1600
       945   12.2000        1.2200        1.3100        0.1300
       946   10.1900        1.0200        1.7200        0.1700
       947    7.7000        0.7700        1.7800        0.1800
       948    9.4600        0.9500        1.4900        0.1500
       949    9.6100        0.9600        1.4200        0.1400
       950    8.9000        0.8900        1.6900        0.1700
       951   11.5900        1.1600        1.3300        0.1300
       952    8.9900        0.9000        1.6800        0.1700
       953    8.4700        0.8500        1.7500        0.1700
       954   10.1200        1.0100        1.5100        0.1500
       955    9.0300        0.9000        1.3800        0.1400
       956   10.4900        1.0500        1.6300        0.1600
       957   10.7800        1.0800        1.4700        0.1500
       958    8.4000        0.8400        1.6200        0.1600
       959   10.9400        1.0900        1.3800        0.1400
       960   10.8100        1.0800        1.3700        0.1400
       961    7.3700        0.7400        2.0700        0.2100
       962    9.0600        0.9100        1.2600        0.1300
       963    9.2500        0.9200        1.4600        0.1500
       964   10.9800        1.1000        1.3900        0.1400
       965    9.4300        0.9400        1.5900        0.1600
       966    9.5300        0.9500        1.3500        0.1300
       967    9.7600        0.9800        1.4100        0.1400
       968   10.5000        1.0500        1.4600        0.1500
       969   10.9400        1.0900        1.5100        0.1500
       970   10.8900        1.0900        1.1700        0.1200
       971    9.3300        0.9300        1.4000        0.1400
       972    7.8300        0.7800        1.3500        0.1300
       973   12.1600        1.2200        1.6400        0.1600
       974   11.9500        1.2000        1.6300        0.1600
