docs/tutorial_notebooks/FCC167_input/met_es.ecsv
# %ECSV 1.0
# ---
# datatype:
# - {name: vbin_id, datatype: int64}
# - {name: age, datatype: float64}
# - {name: dage, datatype: float64}
# - {name: met, datatype: float64}
# - {name: dmet, datatype: float64}
# meta: !!omap
# - PSF:
#     sigma: [0.8]
#     weight: [1.0]
# schema: astropy-2.0
vbin_id age dage met dmet
         1   13.4500        1.3400        2.2200        0.2200
         2   13.1300        1.3100        2.2000        0.2200
         3   13.1900        1.3200        2.1300        0.2100
         4   12.8600        1.2900        2.1600        0.2200
         5   12.8700        1.2900        2.1600        0.2200
         6   12.9000        1.2900        2.0900        0.2100
         7   12.7500        1.2700        2.1200        0.2100
         8   13.0200        1.3000        2.1500        0.2100
         9   12.7800        1.2800        2.0400        0.2000
        10   12.8800        1.2900        2.0700        0.2100
        11   13.1000        1.3100        1.9900        0.2000
        12   13.4400        1.3400        1.9800        0.2000
        13   13.1800        1.3200        2.0500        0.2000
        14   13.2500        1.3200        1.9300        0.1900
        15   13.2200        1.3200        1.9500        0.1900
        16   12.8100        1.2800        1.9900        0.2000
        17   13.3300        1.3300        1.8500        0.1900
        18   12.7100        1.2700        1.9200        0.1900
        19   13.1500        1.3100        1.8700        0.1900
        20   13.1900        1.3200        1.9500        0.1900
        21   13.0500        1.3100        1.9100        0.1900
        22   13.3700        1.3400        1.9500        0.1900
        23   13.0300        1.3000        1.9900        0.2000
        24   13.2900        1.3300        1.9600        0.2000
        25   13.0700        1.3100        1.9700        0.2000
        26   12.8300        1.2800        1.8800        0.1900
        27   13.2000        1.3200        2.2000        0.2200
        28   12.6500        1.2700        2.1000        0.2100
        29   13.6100        1.3600        1.8700        0.1900
        30   13.1700        1.3200        2.0200        0.2000
        31   13.5100        1.3500        2.2300        0.2200
        32   13.2100        1.3200        2.2000        0.2200
        33   13.0600        1.3100        2.1700        0.2200
        34   13.3500        1.3300        1.9200        0.1900
        35   13.1600        1.3200        1.9700        0.2000
        36   13.2200        1.3200        1.8600        0.1900
        37   13.2500        1.3300        1.9100        0.1900
        38   13.3400        1.3300        1.9800        0.2000
        39   13.4500        1.3400        1.8300        0.1800
        40   13.3800        1.3400        1.8500        0.1800
        41   13.0900        1.3100        1.8700        0.1900
        42   12.9300        1.2900        1.9100        0.1900
        43   13.2100        1.3200        1.8800        0.1900
        44   13.0900        1.3100        1.7600        0.1800
        45   13.4700        1.3500        1.7600        0.1800
        46   13.3500        1.3300        1.8600        0.1900
        47   13.3800        1.3400        1.7000        0.1700
        48   13.4500        1.3400        1.8700        0.1900
        49   12.7200        1.2700        2.0200        0.2000
        50   13.3700        1.3400        1.7200        0.1700
        51   13.3900        1.3400        1.7100        0.1700
        52   13.3500        1.3300        1.7500        0.1700
        53   13.1300        1.3100        1.7300        0.1700
        54   13.2100        1.3200        1.6600        0.1700
        55   13.2400        1.3200        1.8700        0.1900
        56   12.9600        1.3000        1.8700        0.1900
        57   13.3300        1.3300        1.8100        0.1800
        58   13.3800        1.3400        1.6100        0.1600
        59   12.9300        1.2900        1.6400        0.1600
        60   13.3700        1.3400        1.7800        0.1800
        61   13.0900        1.3100        1.8400        0.1800
        62   13.2400        1.3200        1.6900        0.1700
        63   13.1200        1.3100        1.8400        0.1800
        64   13.1200        1.3100        1.8300        0.1800
        65   13.3100        1.3300        1.7900        0.1800
        66   13.1900        1.3200        1.7500        0.1800
        67   13.3300        1.3300        1.7500        0.1700
        68   13.4700        1.3500        1.7500        0.1800
        69   13.4100        1.3400        1.8300        0.1800
        70   12.9800        1.3000        1.8800        0.1900
        71   13.0900        1.3100        2.1400        0.2100
        72   12.6900        1.2700        1.9400        0.1900
        73   13.3700        1.3400        1.8800        0.1900
        74   13.0800        1.3100        2.1700        0.2200
        75   13.1700        1.3200        1.6900        0.1700
        76   13.2800        1.3300        1.8600        0.1900
        77   13.3400        1.3300        1.7800        0.1800
        78   13.4000        1.3400        1.7200        0.1700
        79   13.1300        1.3100        2.0600        0.2100
        80   13.3800        1.3400        1.6500        0.1700
        81   13.1700        1.3200        1.8000        0.1800
        82   12.6300        1.2600        1.8200        0.1800
        83   13.1600        1.3200        1.6100        0.1600
        84   13.3500        1.3300        1.8200        0.1800
        85   13.0400        1.3000        1.8500        0.1900
        86   13.1600        1.3200        1.7300        0.1700
        87   13.2800        1.3300        1.6800        0.1700
        88   13.0100        1.3000        1.7300        0.1700
        89   12.4300        1.2400        1.7500        0.1800
        90   13.5200        1.3500        1.6300        0.1600
        91   13.3100        1.3300        1.7800        0.1800
        92   13.3600        1.3400        1.9100        0.1900
        93   13.2700        1.3300        2.0700        0.2100
        94   12.9700        1.3000        1.7300        0.1700
        95   13.2200        1.3200        1.8100        0.1800
        96   13.2300        1.3200        1.9600        0.2000
        97   13.3900        1.3400        1.6600        0.1700
        98   13.2700        1.3300        2.0700        0.2100
        99   13.3000        1.3300        1.7300        0.1700
       100   13.3700        1.3400        1.5700        0.1600
       101   13.3300        1.3300        2.0700        0.2100
       102   13.4100        1.3400        1.9400        0.1900
       103   12.8200        1.2800        1.9100        0.1900
       104   13.4900        1.3500        1.9100        0.1900
       105   13.1600        1.3200        1.7000        0.1700
       106   13.2300        1.3200        1.8400        0.1800
       107   13.2900        1.3300        1.9700        0.2000
       108   13.3100        1.3300        1.8600        0.1900
       109   13.1300        1.3100        1.6000        0.1600
       110   13.3500        1.3300        1.9900        0.2000
       111   13.3400        1.3300        1.9300        0.1900
       112   12.5500        1.2600        1.6000        0.1600
       113   13.1800        1.3200        1.5900        0.1600
       114   13.2800        1.3300        1.7400        0.1700
       115   13.2400        1.3200        1.6600        0.1700
       116   13.3000        1.3300        1.5900        0.1600
       117   13.4400        1.3400        1.6300        0.1600
       118   12.7600        1.2800        1.7500        0.1700
       119   13.1200        1.3100        1.8500        0.1800
       120   13.2700        1.3300        1.5500        0.1600
       121   13.3700        1.3400        1.7000        0.1700
       122   13.3400        1.3300        1.7200        0.1700
       123   13.3400        1.3300        1.7700        0.1800
       124   13.2500        1.3300        1.7200        0.1700
       125   13.4300        1.3400        1.6900        0.1700
       126   13.2600        1.3300        1.8300        0.1800
       127   13.1800        1.3200        1.5800        0.1600
       128   13.1500        1.3100        1.5400        0.1500
       129   13.0700        1.3100        1.6300        0.1600
       130   12.8900        1.2900        1.6300        0.1600
       131   13.4400        1.3400        1.9200        0.1900
       132   13.3200        1.3300        1.6900        0.1700
       133   13.4300        1.3400        1.5900        0.1600
       134   13.2500        1.3300        1.5900        0.1600
       135   13.1400        1.3100        1.6100        0.1600
       136   13.0400        1.3000        1.7000        0.1700
       137   13.1000        1.3100        1.5800        0.1600
       138   13.3200        1.3300        1.7100        0.1700
       139   12.6400        1.2600        1.4700        0.1500
       140   12.9400        1.2900        1.6500        0.1700
       141   13.4200        1.3400        1.7600        0.1800
       142   12.8400        1.2800        1.5100        0.1500
       143   12.8900        1.2900        1.5100        0.1500
       144   12.9300        1.2900        1.4900        0.1500
       145   12.9400        1.2900        1.6400        0.1600
       146   12.9600        1.3000        1.5900        0.1600
       147   12.7600        1.2800        1.5900        0.1600
       148   13.1800        1.3200        1.4900        0.1500
       149   13.0800        1.3100        1.5600        0.1600
       150   12.7100        1.2700        1.5800        0.1600
       151   13.2200        1.3200        1.4800        0.1500
       152   13.2500        1.3200        1.5100        0.1500
       153   12.7200        1.2700        1.9000        0.1900
       154   13.4100        1.3400        1.6800        0.1700
       155   13.0600        1.3100        1.5800        0.1600
       156   12.7700        1.2800        1.9000        0.1900
       157   12.9500        1.2900        1.5900        0.1600
       158   13.0700        1.3100        1.5500        0.1600
       159   12.8400        1.2800        1.6800        0.1700
       160   13.0000        1.3000        1.4900        0.1500
       161   13.4100        1.3400        1.4900        0.1500
       162   13.1400        1.3100        1.6500        0.1600
       163   13.3600        1.3400        1.6900        0.1700
       164   13.1600        1.3200        1.5700        0.1600
       165   11.7500        1.1800        1.6800        0.1700
       166   12.9100        1.2900        1.3800        0.1400
       167   12.8800        1.2900        1.3500        0.1300
       168   12.9700        1.3000        1.5700        0.1600
       169   12.8100        1.2800        1.4900        0.1500
       170   13.3300        1.3300        1.6200        0.1600
       171   12.2100        1.2200        1.5400        0.1500
       172   13.4000        1.3400        1.6400        0.1600
       173   13.2100        1.3200        1.7400        0.1700
       174   12.0500        1.2000        1.6200        0.1600
       175   12.4200        1.2400        1.6900        0.1700
       176   12.9800        1.3000        1.6300        0.1600
       177   12.8900        1.2900        1.4900        0.1500
       178   13.2400        1.3200        1.6500        0.1600
       179   13.2400        1.3200        1.7400        0.1700
       180   13.2500        1.3300        1.6000        0.1600
       181   13.0700        1.3100        1.5200        0.1500
       182   13.0800        1.3100        1.5000        0.1500
       183   12.2100        1.2200        1.5000        0.1500
       184   13.0900        1.3100        1.6400        0.1600
       185   12.6800        1.2700        1.6300        0.1600
       186   13.0200        1.3000        1.4700        0.1500
       187   12.9700        1.3000        1.4300        0.1400
       188   11.9000        1.1900        1.4700        0.1500
       189   13.2800        1.3300        1.5700        0.1600
       190   13.3100        1.3300        1.6300        0.1600
       191   13.0200        1.3000        1.4200        0.1400
       192   13.0600        1.3100        1.4500        0.1500
       193   13.4000        1.3400        1.7100        0.1700
       194   13.2400        1.3200        1.5800        0.1600
       195   13.1200        1.3100        1.6000        0.1600
       196   13.1500        1.3100        1.6100        0.1600
       197   13.1400        1.3100        1.6000        0.1600
       198   12.6300        1.2600        1.6000        0.1600
       199   12.9400        1.2900        1.6200        0.1600
       200   12.7500        1.2700        1.5300        0.1500
       201   12.9800        1.3000        1.5000        0.1500
       202   13.0200        1.3000        1.4700        0.1500
       203   13.1500        1.3100        1.4900        0.1500
       204   13.1400        1.3100        1.5200        0.1500
       205   12.9400        1.2900        1.5200        0.1500
       206   13.0100        1.3000        1.3500        0.1400
       207   13.1100        1.3100        1.4500        0.1400
       208   13.2900        1.3300        1.6200        0.1600
       209   13.4500        1.3400        1.7800        0.1800
       210   13.2300        1.3200        1.6700        0.1700
       211   13.2800        1.3300        1.7600        0.1800
       212   13.0800        1.3100        1.5100        0.1500
       213   12.6400        1.2600        1.5400        0.1500
       214   13.1800        1.3200        1.6500        0.1700
       215   12.9700        1.3000        1.4700        0.1500
       216   12.8400        1.2800        1.3800        0.1400
       217   12.7600        1.2800        1.6100        0.1600
       218   12.7800        1.2800        1.5700        0.1600
       219   12.2400        1.2200        1.4700        0.1500
       220   12.6600        1.2700        1.4600        0.1500
       221   12.7500        1.2800        1.5000        0.1500
       222   12.5000        1.2500        1.5400        0.1500
       223   13.3500        1.3300        1.5600        0.1600
       224   13.1400        1.3100        1.4600        0.1500
       225   13.2100        1.3200        1.4200        0.1400
       226   12.2300        1.2200        1.4900        0.1500
       227   13.1300        1.3100        1.5800        0.1600
       228   12.9200        1.2900        1.3700        0.1400
       229   13.1900        1.3200        1.5100        0.1500
       230   13.0600        1.3100        1.3600        0.1400
       231   13.1600        1.3200        1.7100        0.1700
       232   12.0700        1.2100        1.5300        0.1500
       233   12.6500        1.2600        1.6000        0.1600
       234   12.7800        1.2800        1.3800        0.1400
       235   12.8700        1.2900        1.3300        0.1300
       236   12.4200        1.2400        1.4600        0.1500
       237   12.9500        1.2900        1.4100        0.1400
       238   12.3400        1.2300        1.3200        0.1300
       239   12.6700        1.2700        1.4200        0.1400
       240   13.1100        1.3100        1.5900        0.1600
       241   12.8500        1.2900        1.3600        0.1400
       242   12.8800        1.2900        1.3100        0.1300
       243   13.0900        1.3100        1.6200        0.1600
       244   12.7500        1.2800        1.4400        0.1400
       245   12.9100        1.2900        1.6900        0.1700
       246   13.0500        1.3100        1.2800        0.1300
       247   13.4800        1.3500        1.7500        0.1700
       248   13.4800        1.3500        1.7900        0.1800
       249   12.5900        1.2600        1.3200        0.1300
       250   13.0200        1.3000        1.4600        0.1500
       251   12.7400        1.2700        1.4900        0.1500
       252   12.8200        1.2800        1.2700        0.1300
       253   13.3400        1.3300        1.3800        0.1400
