dev_tests/NGC4550_input/dynamite_input/bayes_vyd_kins.ecsv
# %ECSV 1.0
# ---
# datatype:
# - {name: binID_BayesLOSVD, datatype: int64}
# - {name: bin_flux, datatype: float64}
# - {name: binID_dynamite, datatype: int64}
# - {name: v, datatype: float64}
# - {name: sigma, datatype: float64}
# - {name: xbin, datatype: float64}
# - {name: ybin, datatype: float64}
# - {name: losvd_0, datatype: float64}
# - {name: dlosvd_0, datatype: float64}
# - {name: losvd_1, datatype: float64}
# - {name: dlosvd_1, datatype: float64}
# - {name: losvd_2, datatype: float64}
# - {name: dlosvd_2, datatype: float64}
# - {name: losvd_3, datatype: float64}
# - {name: dlosvd_3, datatype: float64}
# - {name: losvd_4, datatype: float64}
# - {name: dlosvd_4, datatype: float64}
# - {name: losvd_5, datatype: float64}
# - {name: dlosvd_5, datatype: float64}
# - {name: losvd_6, datatype: float64}
# - {name: dlosvd_6, datatype: float64}
# - {name: losvd_7, datatype: float64}
# - {name: dlosvd_7, datatype: float64}
# - {name: losvd_8, datatype: float64}
# - {name: dlosvd_8, datatype: float64}
# - {name: losvd_9, datatype: float64}
# - {name: dlosvd_9, datatype: float64}
# - {name: losvd_10, datatype: float64}
# - {name: dlosvd_10, datatype: float64}
# - {name: losvd_11, datatype: float64}
# - {name: dlosvd_11, datatype: float64}
# - {name: losvd_12, datatype: float64}
# - {name: dlosvd_12, datatype: float64}
# - {name: losvd_13, datatype: float64}
# - {name: dlosvd_13, datatype: float64}
# - {name: losvd_14, datatype: float64}
# - {name: dlosvd_14, datatype: float64}
# - {name: losvd_15, datatype: float64}
# - {name: dlosvd_15, datatype: float64}
# - {name: losvd_16, datatype: float64}
# - {name: dlosvd_16, datatype: float64}
# - {name: losvd_17, datatype: float64}
# - {name: dlosvd_17, datatype: float64}
# - {name: losvd_18, datatype: float64}
# - {name: dlosvd_18, datatype: float64}
# - {name: losvd_19, datatype: float64}
# - {name: dlosvd_19, datatype: float64}
# - {name: losvd_20, datatype: float64}
# - {name: dlosvd_20, datatype: float64}
# - {name: losvd_21, datatype: float64}
# - {name: dlosvd_21, datatype: float64}
# - {name: losvd_22, datatype: float64}
# - {name: dlosvd_22, datatype: float64}
# meta: !!omap
# - {dv: 60.0}
# - {nbins: 196}
# - {nvbins: 23}
# - vcent: [-637.8148672632246, -577.8148672632246, -517.8148672632246, -457.81486726322464, -397.81486726322464, -337.81486726322464,
#     -277.81486726322464, -217.8148672632246, -157.8148672632246, -97.81486726322461, -37.81486726322462, 22.18513273677538, 82.18513273677539,
#     142.1851327367754, 202.1851327367754, 262.18513273677536, 322.18513273677536, 382.18513273677536, 442.18513273677536, 502.18513273677536,
#     562.1851327367754, 622.1851327367754, 682.1851327367754]
# - PSF:
#     sigma: [0.8936170212765957]
#     weight: [1.0]
# schema: astropy-2.0
binID_BayesLOSVD bin_flux binID_dynamite v sigma xbin ybin losvd_0 dlosvd_0 losvd_1 dlosvd_1 losvd_2 dlosvd_2 losvd_3 dlosvd_3 losvd_4 dlosvd_4 losvd_5 dlosvd_5 losvd_6 dlosvd_6 losvd_7 dlosvd_7 losvd_8 dlosvd_8 losvd_9 dlosvd_9 losvd_10 dlosvd_10 losvd_11 dlosvd_11 losvd_12 dlosvd_12 losvd_13 dlosvd_13 losvd_14 dlosvd_14 losvd_15 dlosvd_15 losvd_16 dlosvd_16 losvd_17 dlosvd_17 losvd_18 dlosvd_18 losvd_19 dlosvd_19 losvd_20 dlosvd_20 losvd_21 dlosvd_21 losvd_22 dlosvd_22
[from data line 75]
75 2.6787774562835693 76 1.5655017737761157 120.94461470327784 -4.4000000953674325 -6.799999713897706 0.0013865543067564613 0.0020239046168883117 0.0012597149133549818 0.0019462656642821028 0.0012480521570480952 0.001964321582279076 0.0012504586819671116 0.001965751354339188 0.0012481138890511807 0.0021183927411909916 0.001705691632300104 0.0026441943702358553 0.002886328362588005 0.004464896646513348 0.0070167738084498076 0.011067938551789551 0.05475598553502659 0.03539319747908859 0.1826604594863865 0.05819203324348301 0.162157296389621 0.060099618381555295 0.2108260608378911 0.06290462872922539 0.20348062345387377 0.06230806292863654 0.056094422757413186 0.03940543194739391 0.009465530983312126 0.01258396853904857 0.004003710700418146 0.006304207992612921 0.0023163154883267803 0.004111154205767928 0.0021288892745561154 0.0034373261383601195 0.002241166666382157 0.0034974555059435176 0.002141714913616282 0.0031387230003531116 0.0020208183463960964 0.0031413238753552177 0.0022756496990802475 0.003481005938282894 0.0026268384106113286 0.00396873100603742
76 2.8240432739257812 77 -2.3910633520115763 118.76976556243265 -1.2000000476837167 -5.599999904632569 0.0010570336614495442 0.001704249179677496 0.0007972871575688017 0.0012580872592906252 0.0006954859656925408 0.0011461621069873223 0.000776132907400569 0.0012842334133243273 0.0009738025862951094 0.0015925532838943555 0.0014959449963436807 0.002344706009030056 0.0029334506929766576 0.004523074980482966 0.008817659467588772 0.012895301362570239 0.09928099805995336 0.04026263868165782 0.1607926173172612 0.05664300118316862 0.15860134309461144 0.060540300257147635 0.1649437542183368 0.06052194867282871 0.16492155757191196 0.06148281253032258 0.08836315303089795 0.04900511429072668 0.01963692145265522 0.027189335129061635 0.010004120514158917 0.01346894661844135 0.004930488611364443 0.007104834836802771 0.002197775986061982 0.0036367197033475482 0.001121234814956849 0.0017931904390156804 0.0007722698192518276 0.0012319673844203886 0.0005900760044520008 0.0009704528059069718 0.0005494903717164867 0.0009281599419186872 0.0005515568008597264 0.0009180114469672658
77 3.898691177368164 78 -5.284932339329709 135.93709172080042 -2.800000190734864 -6.799999713897706 0.009144473639503516 0.0057844179554735805 0.002161593376002655 0.0030200095239114795 0.0011884402469487096 0.0018215101585561304 0.0010058834660487054 0.0016377442395070236 0.0009626461869670718 0.0016119684902705098 0.00111667094867757 0.0019124518214346208 0.0020310143661155075 0.0031726294190155377 0.005496401109349572 0.008730288591589107 0.10175146805178523 0.032031891871031185 0.17871192372337963 0.054551558911424075 0.11026165560537966 0.06484793068783008 0.14602585541440186 0.05958690880085728 0.22174650376195532 0.059907543542302696 0.10054963564828334 0.04029949389092005 0.008440533891854526 0.011922201015568228 0.003786403491006894 0.005971521554922186 0.0028299591212401828 0.004511908712591893 0.002607941443015125 0.0038145131516112425 0.001807354383731511 0.0029460903588664623 0.0011776590210914343 0.0019198791984441693 0.0009210052998907504 0.0014662169885441567 0.0009265831171722285 0.0014133037314607796 0.0010951980909478071 0.001714323420277743
78 3.2297582626342773 79 -5.072876013003051 117.81742721354526 -0.40000000596046537 -4.800000190734864 0.001495366156540966 0.002220361920943712 0.0010503904239401282 0.0015824814094158135 0.0009361581956423162 0.0015256127822110025 0.0010742359079326626 0.0016752967746268387 0.001257980495750504 0.0020010222830629393 0.0018639993912927216 0.002812712796628932 0.00336879580094363 0.0050408684935435485 0.008478839308882635 0.01246727819996863 0.0775257912760277 0.03789703555842447 0.18022033645441438 0.053646619039501825 0.17114418141687626 0.059387962229163364 0.1847430937448081 0.05695761739461837 0.14864576055835568 0.05541603390879337 0.08853351267005882 0.04814428255153254 0.016904295777417696 0.02339819755351691 0.005851423486215013 0.008925564405768732 0.002735219398647175 0.0042156170329606755 0.0016831495575091785 0.0026155333974337822 0.0011543352524378658 0.0017302825866054527 0.0009088769757434615 0.0014399677573491434 0.0008339860008013433 0.0012399914738942133 0.0008908250667787646 0.001403504078427863 0.0012266873967511662 0.0020452144755112376
79 3.973428964614868 80 -1.1896185333581508 118.9351425974498 -4.000000476837159 -8.399999618530275 0.0009033718199387643 0.0013524741812575643 0.0008578609692139823 0.0013788226036230348 0.0009259719766819825 0.001519096723368421 0.0009977787736352192 0.001566856544065386 0.001191784747954493 0.0018690422708647484 0.001462180912666675 0.002317601190764476 0.002384166321424432 0.003971052803771886 0.006563417447095324 0.009890839915093864 0.06570976902149751 0.037195573293381176 0.19746194495643693 0.054956476611234595 0.16938948962523687 0.05695771156978753 0.17889388527231315 0.06222369400694838 0.1615933010293153 0.05817730647597105 0.07639361906241895 0.04200119122857025 0.014057502828467799 0.02042129126439353 0.007944717260482348 0.011919422040422753 0.005564966800220739 0.008241976903806104 0.004153412866318247 0.006197099380445598 0.0022653750138258454 0.0036000792474131676 0.0015611747409775977 0.0023909344211159164 0.0009792594117480824 0.0016713144586542963 0.0009201552218821272 0.0014570339739453286 0.0011112492612833091 0.001747086308509818
80 3.476616859436035 81 4.184950453427524 116.76161328168303 0.4000000059604636 -4.000000000000001 0.0015837930135592564 0.0022651585468842204 0.0012642213610657173 0.002120754470857583 0.0011715503285058598 0.0018687203085559383 0.0009469300445077247 0.0015391064744152195 0.001069075402443222 0.0016449869483965206 0.0012066948462640245 0.0020189180170724543 0.0019176741824205334 0.002938593925864165 0.004859283965486733 0.006548420998620254 0.03160607429138349 0.02568331492281301 0.2025167121917397 0.05022497613489216 0.17772418761285785 0.06044121905780494 0.19676245556644942 0.06078845780786153 0.182114947854931 0.06002781784672059 0.07163843579173315 0.04329987821273671 0.012815877604838589 0.019042585623996945 0.00604475578412637 0.009070460388312038 0.0036261461105099417 0.00577834004459474 0.0024554986542036587 0.00374785522751504 0.0016675993488352778 0.00259512385120526 0.0016436447714849162 0.0023938974291293673 0.0016569370228845877 0.0026189924648928014 0.0016935842040378794 0.0025026176542951722 0.0017307039051115904 0.0026102195435550664
81 6.976308822631836 82 -6.099838747401019 128.59721350400244 -6.44000005722046 -10.31999969482422 0.0018075242535844633 0.0028259193978192915 0.001967622326989567 0.003090628258989849 0.0023740226961349135 0.0032150935954444355 0.00202448268070219 0.0032281449728486463 0.0021841517358430996 0.003319597337428063 0.0023084884912614036 0.0037139353631835967 0.0039664366120564995 0.005701201744210051 0.010565111142065866 0.014328751447981805 0.07999485597850022 0.03760422666436713 0.1668516425840616 0.05492104740090514 0.16146466466220108 0.05779206041291608 0.16277803423835716 0.0620936328677884 0.163843539963011 0.05557408763806675 0.07828544460080197 0.03762284214758169 0.010978174008684616 0.015201797834904275 0.005737544105974193 0.008514887395012594 0.005034221205532663 0.007340031764056256 0.005366122241009656 0.006596655173392938 0.0033043692681086786 0.004866249627280212 0.0015037328377555644 0.0025595670909389487 0.0008997899988424064 0.0015888312847603093 0.000720279698918529 0.0010959089751087132 0.0006432385930929367 0.0009877144086814157
82 3.6805319786071777 83 -1.2572922722076123 126.84738237417127 -1.333333373069764 -6.933332920074464 0.0018408872299312828 0.0027018518868249445 0.001536494673693937 0.0024585367975264298 0.0013039442144157345 0.0020637786466101175 0.0011756018966552419 0.0018292585477716267 0.0012748775267068567 0.001950266693254781 0.0016167902736575162 0.0025259247024660343 0.0025571827165687105 0.004118521484677607 0.007335098487907156 0.011380892562620646 0.10331692420563438 0.036085911108655444 0.1983459856193906 0.05504847661963798 0.16673674050607962 0.056737398824114556 0.13464405838509652 0.05434775832298035 0.16527859948656784 0.05521497177179289 0.13122102960939516 0.04712355257001219 0.029473927957999795 0.025768458823208225 0.005156693236811998 0.007724888150145525 0.002427221211405061 0.0038833143082094655 0.001404704567122871 0.0022979594001562124 0.0009593292719687938 0.0016969058308792806 0.0009251757814201585 0.0014698930080183916 0.0009156117185586397 0.001529028308916515 0.0014132056873425451 0.0018920830324207754 0.0019004993979283716 0.0028433277229675514
83 3.5286760330200195 84 -4.552904700880051 123.7423891922112 1.200000047683715 -3.2000000476837167 0.006604440859081269 0.005693904505834829 0.001686204592110631 0.002455005104648587 0.0010986950153123159 0.0017846446999163095 0.0010943361228789939 0.0017689046063423899 0.0012865629783808778 0.00199920067441311 0.0018068168908991495 0.0028530362746498074 0.0029769794735621325 0.0047933779002088195 0.006429107551219357 0.009663412630541025 0.056952540058037154 0.03143264068707006 0.16228183720117595 0.05184585415154285 0.1957193232237667 0.06229859453313784 0.22669119113884104 0.06060613414939818 0.18351969709273028 0.05620597514605337 0.055986068812627784 0.03964487365883235 0.009843944929659546 0.014727836059724634 0.0052845814017989995 0.007912018494344565 0.003257141740180423 0.005404311580745479 0.0023910655741442737 0.0036907964774978933 0.0019846864978450836 0.0031091050531567048 0.0014243689331891675 0.002431379250206277 0.0013301790550526026 0.0020957402814684115 0.0013756153931046237 0.0021378088496680904 0.0014884698421691056 0.0021873210125857535
84 3.535923480987549 85 -4.894621508496204 133.64862868331525 1.200000047683715 3.200000047683715 0.011996461866078372 0.00663358220271327 0.0033050111882939634 0.004689046479637671 0.0018041194681463135 0.0026874322020642404 0.0013473458269485168 0.0020835926811863955 0.00117820594104936 0.0020418173447958685 0.0013770591654726333 0.002282412046530641 0.0022889601280616 0.0035707528190416157 0.0049869273370805565 0.007780771377992464 0.01770191620573983 0.02467052846829119 0.16031469218851835 0.04933160202830227 0.2348814685359759 0.06296660514158903 0.2274561378915295 0.06277695187308885 0.1694255068965972 0.05717599419360801 0.05216951949913421 0.03993345413315637 0.010041007055650973 0.015073449665438674 0.004871886273619118 0.007310767079099115 0.003176587997714869 0.004890176655636314 0.0024876367641074094 0.0037861246191475922 0.0019455044118782934 0.003028169693301021 0.0014667967361415147 0.00246137791008527 0.001448864442599358 0.002307521644974155 0.0016841290102917062 0.002645362655784328 0.002191765293872427 0.0033314125622922724
85 2.334315776824951 86 -2.3126633466352673 108.20258168399212 1.600000023841857 0.0 0.0024439144614342642 0.003656169948506371 0.001857085985971698 0.002839685407296126 0.0016645369535902034 0.0028022762682600967 0.002271913762513409 0.0033859273400654705 0.0026217295525152035 0.0038803139451299568 0.0029024075221206814 0.004672828866697991 0.0034497559510103743 0.005276035130662436 0.005879301621442799 0.009098119177436408 0.014615670188363043 0.021807317684497163 0.14586025327480226 0.048733989857996686 0.23602886154547192 0.06457976059183076 0.2667935769234139 0.06774515101543467 0.1815973366203532 0.05440627584408411 0.02908634888063047 0.029241931416978315 0.006646635610924011 0.010060358137071972 0.004250435119301155 0.005996953361164967 0.0024961541614406287 0.0039843289414186545 0.0019270849620289796 0.002995570918126633 0.0016271757686868115 0.002555271211384678 0.001217583134059203 0.0020103253045437646 0.0011742456345502498 0.0017021342576055039 0.0009809121076747149 0.0014342650091279355 0.0008684361989574937 0.0014175812047849412
86 2.2263147830963135 87 -2.1102320026848775 107.7876756976751 1.600000023841857 -0.8000000119209301 0.0026303253040827674 0.0038662957743912144 0.0017464184371637252 0.002801182773210699 0.0016378632222828788 0.0026200867489368737 0.0016023795469937803 0.0025777056549943196 0.0018184035524472768 0.0027066673034144314 0.0020533986857518972 0.003419246160275728 0.0028549395073575643 0.004495801905817014 0.005144425706263024 0.008116342715797437 0.017143664218817824 0.025564538931263196 0.167883212614567 0.052727981675864885 0.20051994378348847 0.06945194176954977 0.26385059096865227 0.06826085669078762 0.1979485377900297 0.054451412387089324 0.023804085112129635 0.027246146552421965 0.005436646688528201 0.0087202064353294 0.0035579782193585 0.005466965703628993 0.002258203736277702 0.003861362439149034 0.0019676081548507455 0.0028995393618973728 0.0014982100298666702 0.0022721620987771274 0.0012884351598586418 0.002007279244208562 0.0011791245977294195 0.0018879676460076252 0.001055538419949949 0.0016725408679839995 0.0010866100208503193 0.0015880246535265555
87 2.766066074371338 88 4.621391566951285 129.68484298729007 -0.40000000596046537 -6.4000000953674325 0.001116427396584466 0.0016744314183254846 0.0009974016076642717 0.0015730979656476821 0.0009461852739348734 0.0014582075882890331 0.001099864439594601 0.0016537279106284648 0.0012836627145974377 0.0020608935767686206 0.0018927043811744573 0.0029323871002758296 0.003341042271959115 0.00547440724694891 0.011577489677225846 0.01584255598110695 0.10270134141125567 0.040760979806848056 0.16327850346622214 0.05700759954605294 0.16083628580851794 0.05808617660717446 0.15510791659221676 0.05948569763630881 0.13617049496753367 0.057149952377387056 0.11544589451258952 0.049405659852327186 0.052322215316018085 0.031922840790663994 0.008423681091413948 0.012699543965812783 0.00411865296441582 0.005869188091384367 0.0018758694474414507 0.003137192700571564 0.0014395806429304838 0.0022037387306606446 0.0011329273074262428 0.0018042942000312048 0.0012214871046989687 0.001933980651706684 0.001191040213879834 0.001856119909702555 0.001354414153395983 0.0021159814253526514
88 2.2596166133880615 89 1.2224054628313767 125.28684576940769 1.600000023841857 0.8000000119209278 0.010416164515548474 0.00652226925782985 0.001839722886834945 0.003133403336731016 0.001344679574404976 0.002211867585607735 0.0014784684947635252 0.0021246412908214087 0.0016385793589600225 0.0024624242778586735 0.0022408118356069726 0.0033015803844619615 0.003175663778022704 0.005082628858861534 0.005948543684826641 0.008567791660199784 0.013774529529314803 0.019671248457580982 0.10852132119871061 0.0483827859120993 0.2331002454914497 0.06566681510312743 0.26448702008705205 0.06652840099762848 0.1839870216183095 0.057818815962306855 0.04328750818167352 0.033657624618956584 0.008346459043821326 0.011987220374434688 0.0037761856422992234 0.006016111410127001 0.0020413668376729793 0.0032464449962379418 0.0016778645253955075 0.002574438527410486 0.0012720569619681312 0.00205106150362744 0.0011677417578770635 0.001837355351481096 0.001216805586429919 0.002000587001002422 0.0015191037289375737 0.0023987854274295744 0.0021548768517294786 0.0032138172521026004
