dev_tests/NGC4550_input/dynamite_input/bayes_vyd_kins.ecsv
# %ECSV 1.0
# ---
# datatype:
# - {name: binID_BayesLOSVD, datatype: int64}
# - {name: bin_flux, datatype: float64}
# - {name: binID_dynamite, datatype: int64}
# - {name: v, datatype: float64}
# - {name: sigma, datatype: float64}
# - {name: xbin, datatype: float64}
# - {name: ybin, datatype: float64}
# - {name: losvd_0, datatype: float64}
# - {name: dlosvd_0, datatype: float64}
# - {name: losvd_1, datatype: float64}
# - {name: dlosvd_1, datatype: float64}
# - {name: losvd_2, datatype: float64}
# - {name: dlosvd_2, datatype: float64}
# - {name: losvd_3, datatype: float64}
# - {name: dlosvd_3, datatype: float64}
# - {name: losvd_4, datatype: float64}
# - {name: dlosvd_4, datatype: float64}
# - {name: losvd_5, datatype: float64}
# - {name: dlosvd_5, datatype: float64}
# - {name: losvd_6, datatype: float64}
# - {name: dlosvd_6, datatype: float64}
# - {name: losvd_7, datatype: float64}
# - {name: dlosvd_7, datatype: float64}
# - {name: losvd_8, datatype: float64}
# - {name: dlosvd_8, datatype: float64}
# - {name: losvd_9, datatype: float64}
# - {name: dlosvd_9, datatype: float64}
# - {name: losvd_10, datatype: float64}
# - {name: dlosvd_10, datatype: float64}
# - {name: losvd_11, datatype: float64}
# - {name: dlosvd_11, datatype: float64}
# - {name: losvd_12, datatype: float64}
# - {name: dlosvd_12, datatype: float64}
# - {name: losvd_13, datatype: float64}
# - {name: dlosvd_13, datatype: float64}
# - {name: losvd_14, datatype: float64}
# - {name: dlosvd_14, datatype: float64}
# - {name: losvd_15, datatype: float64}
# - {name: dlosvd_15, datatype: float64}
# - {name: losvd_16, datatype: float64}
# - {name: dlosvd_16, datatype: float64}
# - {name: losvd_17, datatype: float64}
# - {name: dlosvd_17, datatype: float64}
# - {name: losvd_18, datatype: float64}
# - {name: dlosvd_18, datatype: float64}
# - {name: losvd_19, datatype: float64}
# - {name: dlosvd_19, datatype: float64}
# - {name: losvd_20, datatype: float64}
# - {name: dlosvd_20, datatype: float64}
# - {name: losvd_21, datatype: float64}
# - {name: dlosvd_21, datatype: float64}
# - {name: losvd_22, datatype: float64}
# - {name: dlosvd_22, datatype: float64}
# meta: !!omap
# - {dv: 60.0}
# - {nbins: 196}
# - {nvbins: 23}
# - vcent: [-637.8148672632246, -577.8148672632246, -517.8148672632246, -457.81486726322464, -397.81486726322464, -337.81486726322464,
#     -277.81486726322464, -217.8148672632246, -157.8148672632246, -97.81486726322461, -37.81486726322462, 22.18513273677538, 82.18513273677539,
#     142.1851327367754, 202.1851327367754, 262.18513273677536, 322.18513273677536, 382.18513273677536, 442.18513273677536, 502.18513273677536,
#     562.1851327367754, 622.1851327367754, 682.1851327367754]
# - PSF:
#     sigma: [0.8936170212765957]
#     weight: [1.0]
# schema: astropy-2.0
binID_BayesLOSVD bin_flux binID_dynamite v sigma xbin ybin losvd_0 dlosvd_0 losvd_1 dlosvd_1 losvd_2 dlosvd_2 losvd_3 dlosvd_3 losvd_4 dlosvd_4 losvd_5 dlosvd_5 losvd_6 dlosvd_6 losvd_7 dlosvd_7 losvd_8 dlosvd_8 losvd_9 dlosvd_9 losvd_10 dlosvd_10 losvd_11 dlosvd_11 losvd_12 dlosvd_12 losvd_13 dlosvd_13 losvd_14 dlosvd_14 losvd_15 dlosvd_15 losvd_16 dlosvd_16 losvd_17 dlosvd_17 losvd_18 dlosvd_18 losvd_19 dlosvd_19 losvd_20 dlosvd_20 losvd_21 dlosvd_21 losvd_22 dlosvd_22
[from data line 135]
135 3.3070738315582275 136 -1.0157565495199576 135.28731855005245 -1.4000000953674325 10.399999618530272 0.001473222665228058 0.0023173763392081784 0.0012795353511950223 0.002027986758086382 0.0011515048818901397 0.0018105215542562195 0.0011164310284068845 0.001862016429259741 0.0014014295581123758 0.002173281384578818 0.0019543325292604523 0.003087757431895499 0.003916677761553425 0.006080787705033993 0.013412426161702832 0.018957362884399514 0.13044369763220226 0.04365131739505084 0.19243259569163673 0.05568240577088274 0.13431022042705693 0.058703703219203526 0.12002063859547657 0.05961262133497859 0.14424077873114627 0.05636716980404832 0.12007553335806165 0.05119331423433397 0.06036070970480093 0.03436292114256306 0.008984905181540895 0.012812690776308151 0.003661945006830956 0.005765127024380353 0.0022934884663872853 0.0035553769608054116 0.001712806142729861 0.0025962673684874803 0.0012154609258028851 0.0019902396483978935 0.0010904022032995671 0.0017460383898678358 0.001070475845110648 0.0016008292972754202 0.0010036836569143309 0.0015233563166155875
136 3.7164344787597656 137 -1.8777211163431358 140.27000131310254 5.333333492279052 3.066666603088378 0.014338987324799967 0.007446123198235602 0.0033675422869346838 0.004764368937103171 0.0021237833960289993 0.003355716123862566 0.001813327217242053 0.002712142964417849 0.00164666898818434 0.002423467207639098 0.0016710726225444847 0.0025596691398234524 0.0020458790756077644 0.0033332163054265356 0.0038752659476141084 0.006028406050060307 0.017578022888761632 0.018843946023485464 0.1530956872678785 0.04462236040798561 0.21506268864827885 0.05738452102880433 0.20609045698785344 0.05826795038921312 0.16109483690088489 0.053432505566186145 0.07911168699629907 0.04050269809558063 0.017487417013801517 0.02012532409561753 0.006029035354191661 0.00932579931627119 0.0030871043653626497 0.004588738428051872 0.0022634752675317134 0.003167684154362484 0.0014852729931179897 0.0022605833910184863 0.0012880495003377377 0.0020119433737801626 0.0011311735864057452 0.0017816535295193112 0.001250549947043655 0.0018852629896748535 0.001603494929461833 0.0023405680693510036
137 6.5030059814453125 138 5.641241942185354 138.27554017247058 -4.8500003814697275 -13.049999237060549 0.0022581998526127202 0.003401790587623545 0.0013159921323167218 0.0021003060545760387 0.0011391662328309252 0.0018288626188559954 0.0010544260805582164 0.0016667369740370527 0.0011913177390460157 0.001827510953249124 0.0015444024093238895 0.0024584258027708365 0.002748202124909871 0.0040991406294081 0.008281710660220721 0.013375760391672695 0.1192672785269228 0.03903649925988093 0.17397512913993002 0.05600316340364009 0.08861157676144024 0.0537607717687902 0.14429834686112136 0.05656448597291346 0.20965210101565185 0.05872737347885444 0.11919692772489462 0.043309426612748135 0.010560983323574332 0.016111850064751673 0.005021262976456732 0.007928631113929488 0.004445375133275259 0.006797490542171906 0.004104187753348373 0.006241320553383291 0.0036848993453677454 0.005109455819342398 0.0028499165304472504 0.00423720563914083 0.0024183250055629492 0.0035282879834449997 0.002082311184008958 0.0031444589831541147 0.0023806918573321648 0.003358106048052102
138 3.123469829559326 139 -5.108814595770656 139.34630407818153 2.7999999523162833 -8.399999618530275 0.002848054575533229 0.004255658368514796 0.003303339961452142 0.004945897416430374 0.003795610373232836 0.0055660271395257905 0.004001750756321305 0.00598406389053944 0.00518754228082735 0.007209100838259902 0.005936783054831979 0.008456040410227714 0.007629051395926244 0.011515963175535184 0.012699837358596918 0.019027661335556847 0.08420928273199595 0.04198941669482122 0.16446136997120525 0.052346917879982705 0.14630078044656053 0.055522664039261 0.14234448302670988 0.05308214272006928 0.1592142888349945 0.05423278668929972 0.13501841419502406 0.04833714283240575 0.03296165128315944 0.025420968627696952 0.0049716651796314435 0.007843911997757733 0.0019012207621180016 0.0033064175699975724 0.0011345330029980606 0.0018708417565479014 0.000815375276807052 0.001280323613173908 0.0006088920050041787 0.0010025524386650816 0.000576098818833305 0.0009896611821291889 0.0007468448666151252 0.001188589613307237 0.001125045519329131 0.0017619937892223965
139 4.67381477355957 140 23.79917636469069 145.54309800427518 -2.4000000953674325 -11.771428108215334 0.0009424449429404993 0.0014859253144310653 0.0009278957409610709 0.0014479165121375319 0.0008850295507492768 0.0013913249294491758 0.0009384216851694485 0.0014590715262291945 0.0010295031367770575 0.0017509112608507901 0.001405556175177847 0.0022991756355666302 0.002705000903170886 0.004239264672881294 0.009258369078854443 0.013643286875655063 0.13165384723756307 0.04050630121477318 0.1361943037297948 0.05566450087246636 0.08222603644684551 0.05116196470161405 0.08239144853143912 0.048806734270338714 0.20970747683155888 0.05745221925392316 0.21702405629713872 0.04694034656336618 0.015909629180371487 0.02084800565378331 0.0036425856267457844 0.005453475096794522 0.001866047430902901 0.002952268407958471 0.0014498641656464088 0.0023018018951956555 0.0012970782999508375 0.0020907150869368487 0.0013690036287294718 0.002240382197300478 0.001811233395528649 0.0027297358738913487 0.0022921846184427385 0.003834621343500871 0.008379697029932394 0.006232660567747751
140 4.345810890197754 141 9.07278407145975 137.2729138349112 0.9600000381469718 -10.079999923706056 0.0024506855121045755 0.0034447789990567136 0.0011323352383126523 0.0017903696931034756 0.0007918236585725041 0.001304863214042036 0.0007764919653680755 0.0011876721460763893 0.000834108445386488 0.0013682824926657033 0.0011998842181734385 0.0019216962225101044 0.002274962313435347 0.003642199880603986 0.010916954046560668 0.014885171294489638 0.12869405644157678 0.04025355922639657 0.15947508530229662 0.055365690982814963 0.09597311911724053 0.050016782841069155 0.11856137586251583 0.05721361535018969 0.1690681453175075 0.0636997141925345 0.15607494547982362 0.05583638675095463 0.03668195904166641 0.03376888179036608 0.00792892424621902 0.012480292859032205 0.003918735556275754 0.005996538278921853 0.0021110981472267846 0.003369907503808146 0.0017710439214666893 0.0023923694868452513 0.0011312010624293543 0.0019381606506108896 0.0010833591206271251 0.0017403569454433768 0.0013885080578878801 0.0021694876128665673 0.0020298287304511835 0.0032389367449950925
141 2.659511089324951 142 -1.89327052425213 131.3945327719654 4.400000095367431 6.800000190734862 0.010231128552278215 0.006594678632314109 0.002136672146813311 0.0033431288694105357 0.0011809324646122395 0.0018693676191628768 0.0010582932177714104 0.001715893603942209 0.0009797157304666751 0.0016236338164353527 0.0012862964608027518 0.002104854237082289 0.002041609740272571 0.003323516064018167 0.005940659433476409 0.008212845272011722 0.04667754769428861 0.029969167365648586 0.157871527459837 0.05262504703976167 0.18347910301041342 0.06062197478434828 0.19741772493474818 0.05751414740486713 0.18143664751860603 0.05781849775483491 0.0789270473426539 0.04420847092952457 0.012194339968189957 0.01781991760722863 0.004663931130771698 0.007090384980675869 0.0029476874001835482 0.004559855636937929 0.0019555908503105643 0.003144394282087559 0.0015772309074323287 0.002590536703185262 0.001295368740350281 0.0021754452314379034 0.0011972541234559627 0.001963163649667883 0.001207229192601977 0.0017774188695433562 0.0013417823792304542 0.002147390780986472
142 4.450244903564453 143 -18.817454767121855 166.5226367206014 7.50769281387329 1.2923077344894398 0.027261132805763554 0.012295068087802091 0.007707518113391018 0.011167846972622679 0.0042873986392712275 0.006223316665414836 0.003268977060775016 0.0045549859210335525 0.002473014937050649 0.0041703404850717074 0.0024487491819108246 0.00389152129564383 0.003357766540195343 0.004959138914614361 0.004890928178407565 0.0077082787951885745 0.020926849481718704 0.01820533713880825 0.11896914208678494 0.04551400145948874 0.2038419330035247 0.0606424097329684 0.27482179950067176 0.06201326309370536 0.17883950735167023 0.05218099173016039 0.020315192379160824 0.029774687938141947 0.007680995068608482 0.011718820098785039 0.004599673575705888 0.007137179333783234 0.003733590615305023 0.00551883505683581 0.0031716636416337786 0.0044307111301596 0.0023678469946000736 0.0035962860267216585 0.002023585971592713 0.0030835716876738022 0.002252040315247461 0.003531478472546883 0.0022056028567906836 0.0033705888853109633 0.0021294540540655227 0.0032660535566724144
143 5.926459789276123 144 -13.667662750776007 153.47201608780696 6.550000190734862 -6.149999618530274 0.021967223719365776 0.006266575084893631 0.001437861927254844 0.00229076659017756 0.0008204464377296957 0.0013209790720765677 0.0008743091020118309 0.0013936583920266406 0.001116428246740259 0.001734967426994075 0.0022311166293682385 0.003286841340159123 0.0056627842669423525 0.008517050370731213 0.02854154154022818 0.022240787963016925 0.04761316361099321 0.03667984959523601 0.09981395316098224 0.04955153807735491 0.17908614059363465 0.06023053102740561 0.2526486638267897 0.058850141832589214 0.1775736534153713 0.052964199439803836 0.036035131457379396 0.02917258374724123 0.007099234909854178 0.011138624345554128 0.004885022422230235 0.007511947271391996 0.004473126085142387 0.006381142513571455 0.004780349772138788 0.0064791930671967615 0.003942278405949228 0.006025203949830534 0.0029383437239379685 0.004384573028776193 0.0015413855777665524 0.0024826001812018684 0.0009404873172803669 0.001658582777186804 0.0008866185302803794 0.001374235669549723
144 4.347048759460449 145 -5.965961667165898 181.0788850914404 2.971428632736205 -10.399999618530275 0.03151899234491557 0.0072553836929245205 0.0021098269191333007 0.0033414351297976516 0.0012647432217997112 0.0021241958993640985 0.001091924941376388 0.0016848175107373946 0.0012476040881626424 0.0018427329746375726 0.0013716262811395358 0.002273521318815729 0.0023222302412654583 0.0037267071634324717 0.006081888346128873 0.009599599619532521 0.09174080750688031 0.034244176032673934 0.1770496472349459 0.050420161220832246 0.09722243362432456 0.05390535311178072 0.12310577038483583 0.05540449577494823 0.1679237440393006 0.05448350501097123 0.12347256780187521 0.048060372647853886 0.048529671430823734 0.0333618871086756 0.01329971612913175 0.014725213746966809 0.005002262542451988 0.00778088937167661 0.002597738167007005 0.004122891447793657 0.001796002303486539 0.002779275545191234 0.0014939439398331154 0.0022020707095238047 0.0015691576632814771 0.002396160909139706 0.00198361163354938 0.0031877050143239404 0.002666894992933357 0.003928573882503205
145 6.319855213165283 146 -25.339235909021276 167.5458122638237 5.4399995803833 -8.640000343322756 0.03445781110794377 0.006208895809087126 0.0014448355590241772 0.002362111374710464 0.0007823471515908412 0.0012732638329543047 0.000702042243422888 0.001054370253051425 0.0007107103104307743 0.0012270713647319637 0.001074672486172977 0.001628021337840117 0.002230261451193295 0.0035410979970658917 0.012335989065780335 0.011359971908851962 0.10283879352095765 0.034088041619187534 0.15824714722643063 0.04883305786900789 0.15661767854184255 0.054047396527878835 0.19083827394542568 0.05786612841150729 0.18792297699827992 0.05675257415320817 0.07100821318202387 0.04239490070121907 0.012690627171843973 0.018316735325125587 0.00579374082195536 0.008726944261788033 0.0035668324506424936 0.005507909881305826 0.0027502885550717004 0.004162334677065895 0.0021102216492431707 0.003417558035136378 0.0017973206764361198 0.002902133854281362 0.0014989405887778314 0.0025960996158087895 0.0015056912326581154 0.002282756046733232 0.0018387280695936815 0.002637410355058525
146 4.519691467285156 147 22.96725420842241 144.06899645384703 -0.40000000596046537 -12.000000000000002 0.0008657821524445218 0.0012881223837848815 0.0008861396385620011 0.0014631014659995984 0.000891826008903718 0.0014276866645199877 0.0009745141028527987 0.0015746081643145198 0.0013660430836933708 0.0021227404658394357 0.00203594712624597 0.0031107399631668973 0.004476255292543462 0.006459024833352882 0.024612773165398442 0.021310987733197468 0.14378697739410762 0.04282525888756633 0.1268537072181586 0.0494741762030775 0.06280905097258406 0.05027761284424603 0.09617945195772656 0.04829228723690812 0.15117860434645738 0.05350331739574807 0.1946287343848413 0.053478276997848795 0.093305906988886 0.03897292100025522 0.00989237201324264 0.014198413405021065 0.003937929914346287 0.006192862753965766 0.0022912211229166595 0.0037054483317787656 0.0014215248683230861 0.002194876499794509 0.001013768850712892 0.0015252650438208825 0.0007331747483264788 0.0012216617109706578 0.0008424578172598781 0.0011983169955363374 0.0009382539860691506 0.0013983112512391178
147 12.559577941894531 148 5.759217814225095 174.4632140352968 -10.437647819519043 -15.717645645141603 0.0006532020209885676 0.0010314460824704928 0.0012372069985131188 0.0017946612765764429 0.002290415602546748 0.0037098565406200514 0.0025888193846401284 0.00411148390238931 0.0020526643754621124 0.0032748004030920047 0.0020344250370559905 0.003319436178064714 0.0028999766607110903 0.004409217658182097 0.0055962715088949495 0.009054007544978497 0.07718092187159255 0.03635558004925906 0.2364174508928189 0.054457248258033136 0.19907088361493186 0.05615287295036671 0.11358099121169336 0.05526029793233195 0.07039088677911196 0.04564197488619378 0.060637088298488385 0.0414613643026043 0.03547722334493817 0.02992652889362758 0.012067025907810959 0.01589408266234732 0.006349678690535982 0.010039159009897177 0.004440824405279803 0.007135543391851327 0.005331103275353079 0.007939927348172837 0.007821646995368395 0.010919791178177754 0.011063496618362678 0.01378668876078977 0.007394424700846506 0.010257400934228778 0.009968892194175925 0.009126793120921338
148 5.2489800453186035 149 7.329337241080524 171.67685173376208 1.4999999999999991 -12.100000381469728 0.014895100490552836 0.007832989607103717 0.003759342957098186 0.005432146753768954 0.0022309766735901697 0.0032914920585444206 0.0015047172513841093 0.0024366482496601095 0.0015310038590488633 0.0022436111417439343 0.0016286594899267836 0.0027799112237491806 0.0030014402306062387 0.004238939119925039 0.008017936292151629 0.012417724015920374 0.11998697057405368 0.03722487498404429 0.16418534977586324 0.049222641900914264 0.07574752054540632 0.04578849493056682 0.06597819873382832 0.04966150631414087 0.17062514433659906 0.054566648790652 0.196774866230835 0.0489891423035507 0.033746656645177765 0.0299060166450635 0.005733552067892045 0.008904041797351658 0.003523724703186683 0.0051307274511265795 0.0024651045999353424 0.0039384919943676626 0.0023049200534293597 0.0034322364350361143 0.0020589836459606846 0.00323485848944416 0.001954852019663906 0.0030979812241141084 0.0024548314706343993 0.003630193589890353 0.004515981708970352 0.0047270995654166365
