dev_tests/NGC4550_input/dynamite_input/bayes_vyd_kins.ecsv
# %ECSV 1.0
# ---
# datatype:
# - {name: binID_BayesLOSVD, datatype: int64}
# - {name: bin_flux, datatype: float64}
# - {name: binID_dynamite, datatype: int64}
# - {name: v, datatype: float64}
# - {name: sigma, datatype: float64}
# - {name: xbin, datatype: float64}
# - {name: ybin, datatype: float64}
# - {name: losvd_0, datatype: float64}
# - {name: dlosvd_0, datatype: float64}
# - {name: losvd_1, datatype: float64}
# - {name: dlosvd_1, datatype: float64}
# - {name: losvd_2, datatype: float64}
# - {name: dlosvd_2, datatype: float64}
# - {name: losvd_3, datatype: float64}
# - {name: dlosvd_3, datatype: float64}
# - {name: losvd_4, datatype: float64}
# - {name: dlosvd_4, datatype: float64}
# - {name: losvd_5, datatype: float64}
# - {name: dlosvd_5, datatype: float64}
# - {name: losvd_6, datatype: float64}
# - {name: dlosvd_6, datatype: float64}
# - {name: losvd_7, datatype: float64}
# - {name: dlosvd_7, datatype: float64}
# - {name: losvd_8, datatype: float64}
# - {name: dlosvd_8, datatype: float64}
# - {name: losvd_9, datatype: float64}
# - {name: dlosvd_9, datatype: float64}
# - {name: losvd_10, datatype: float64}
# - {name: dlosvd_10, datatype: float64}
# - {name: losvd_11, datatype: float64}
# - {name: dlosvd_11, datatype: float64}
# - {name: losvd_12, datatype: float64}
# - {name: dlosvd_12, datatype: float64}
# - {name: losvd_13, datatype: float64}
# - {name: dlosvd_13, datatype: float64}
# - {name: losvd_14, datatype: float64}
# - {name: dlosvd_14, datatype: float64}
# - {name: losvd_15, datatype: float64}
# - {name: dlosvd_15, datatype: float64}
# - {name: losvd_16, datatype: float64}
# - {name: dlosvd_16, datatype: float64}
# - {name: losvd_17, datatype: float64}
# - {name: dlosvd_17, datatype: float64}
# - {name: losvd_18, datatype: float64}
# - {name: dlosvd_18, datatype: float64}
# - {name: losvd_19, datatype: float64}
# - {name: dlosvd_19, datatype: float64}
# - {name: losvd_20, datatype: float64}
# - {name: dlosvd_20, datatype: float64}
# - {name: losvd_21, datatype: float64}
# - {name: dlosvd_21, datatype: float64}
# - {name: losvd_22, datatype: float64}
# - {name: dlosvd_22, datatype: float64}
# meta: !!omap
# - {dv: 60.0}
# - {nbins: 196}
# - {nvbins: 23}
# - vcent: [-637.8148672632246, -577.8148672632246, -517.8148672632246, -457.81486726322464, -397.81486726322464, -337.81486726322464,
#     -277.81486726322464, -217.8148672632246, -157.8148672632246, -97.81486726322461, -37.81486726322462, 22.18513273677538, 82.18513273677539,
#     142.1851327367754, 202.1851327367754, 262.18513273677536, 322.18513273677536, 382.18513273677536, 442.18513273677536, 502.18513273677536,
#     562.1851327367754, 622.1851327367754, 682.1851327367754]
# - PSF:
#     sigma: [0.8936170212765957]
#     weight: [1.0]
# schema: astropy-2.0
binID_BayesLOSVD bin_flux binID_dynamite v sigma xbin ybin losvd_0 dlosvd_0 losvd_1 dlosvd_1 losvd_2 dlosvd_2 losvd_3 dlosvd_3 losvd_4 dlosvd_4 losvd_5 dlosvd_5 losvd_6 dlosvd_6 losvd_7 dlosvd_7 losvd_8 dlosvd_8 losvd_9 dlosvd_9 losvd_10 dlosvd_10 losvd_11 dlosvd_11 losvd_12 dlosvd_12 losvd_13 dlosvd_13 losvd_14 dlosvd_14 losvd_15 dlosvd_15 losvd_16 dlosvd_16 losvd_17 dlosvd_17 losvd_18 dlosvd_18 losvd_19 dlosvd_19 losvd_20 dlosvd_20 losvd_21 dlosvd_21 losvd_22 dlosvd_22
[from data line 45]
45 4.218799114227295 46 29.8220194786512 153.19861738598752 -7.692307472229005 3.507692098617553 0.003970793762181665 0.005660525558299205 0.0022668880678526964 0.0036634098432041383 0.0017959645549240444 0.002960460749837269 0.0018720257403606513 0.0028551415357399215 0.001968253874636177 0.003131722885117942 0.0024135853115100437 0.0033173201331166777 0.0024137457663791343 0.0037517776728665927 0.003711271966753632 0.005729521624178997 0.007436047414412565 0.011579915096569866 0.07989713541006764 0.039001030577654354 0.2451156560017838 0.0579128281152594 0.27744648365827135 0.06493077820931992 0.16108347812460636 0.058568325640140084 0.06371090662659933 0.04118263381369544 0.014080894180648255 0.020256718207481702 0.006567684012452499 0.00947395827614556 0.003775468561311082 0.00560263163411442 0.0022623045711476736 0.0034023469164637704 0.0016707527839878 0.002631317357626723 0.001657700228778764 0.002674827611417288 0.0017069002183361273 0.002877358360135994 0.002808264845448437 0.0044578618688624295 0.02163588102630262 0.009645579368255342
46 3.6565754413604736 47 -7.614344252912386 132.43479724567908 -3.5999999046325692 4.400000095367431 0.014558619360833212 0.00716497705505236 0.0033438404178836685 0.004788491443980782 0.0016596732794864732 0.0025337285816051202 0.0009994098271363398 0.0015489615101928346 0.0008389978382811958 0.0013245760086948567 0.00087611799829559 0.0014026816178530413 0.0011800079852415952 0.0018853391136718983 0.0020059688883205733 0.003343297519290792 0.009397152958921386 0.01393821352261893 0.2001630123393881 0.04045750752669709 0.23029948905311304 0.05942132328285922 0.2172705393995058 0.06042251020382371 0.18561573547444793 0.052503065280997775 0.048071924916513416 0.03441436735115188 0.009557292264884328 0.014305619889034367 0.0046452232461699754 0.007028419289061731 0.0038960774942077957 0.005522875546299035 0.003161149678710146 0.004785154992116588 0.0027788008533894647 0.0038723196706851562 0.0018344818163377147 0.0030882602028391142 0.0013142647230076916 0.002116350950730354 0.00089159033453337 0.0014391316950744272 0.0007855465997021715 0.0012616366218934515
47 3.921165943145752 48 -2.194101107566868 128.64111686304125 -5.3714284896850595 4.799999713897704 0.012133133147577529 0.0066766990644370645 0.0016537319765019954 0.002623478941264309 0.0010797760828066272 0.0018202757395790765 0.0010743135289764027 0.0017835043032983565 0.0015223702409787527 0.0023650837526128852 0.002342309934312266 0.0031721202572714668 0.0030622169931171766 0.005022726340865074 0.005329651274051622 0.008522120205501428 0.012415993988280827 0.017847417770569765 0.13759104468081135 0.045149173719221156 0.24657168732127857 0.0628852274762259 0.2416575305300926 0.06428503990303308 0.15399745241323393 0.058294796635971945 0.05073473229965579 0.04200707223178983 0.014617742181641387 0.02073569987106464 0.007233557888953794 0.011302253621053799 0.004526510176264043 0.006667060497210014 0.0025519205183926557 0.004004360165125756 0.0018199691525882442 0.0026597871822660202 0.0012826752771478854 0.002039658286756187 0.0009822710458451112 0.0015415384639505588 0.0009545110520052505 0.0014853754789097245 0.0011656683576282472 0.001768796801577068
48 2.662630081176758 49 -8.693965330907604 131.5035232758319 -2.000000000000001 3.999999999999999 0.016616237520969596 0.007005856389466677 0.001535861055868211 0.002510937098960715 0.0009189490749649906 0.0016150425792095218 0.0008930331834232577 0.0014952252803574367 0.0009948581713986073 0.0016674070295624433 0.0014045918428287566 0.0022974421842415584 0.0024965599505151256 0.003733763160445673 0.004982044149219798 0.007255793428516552 0.02321459579196876 0.023566880163037342 0.17061759187187014 0.050731283145657405 0.23940850021093213 0.060077191168808414 0.21477750934573403 0.059905787249446965 0.15463210132692445 0.05480365444441738 0.07752839979233558 0.043267453226104605 0.016706074225344845 0.0177990224137879 0.0042545200660599365 0.0067839260106882645 0.0021662932608313354 0.003534953915774104 0.0012592008318581226 0.0021704384057605075 0.0009869794116481932 0.001451749932149478 0.0007415077525932487 0.001178891893311692 0.00070568293510671 0.0011766505241691452 0.0006557059967430158 0.0010824935121790617 0.0007118563306452293 0.0010875256289293177
49 3.3865184783935547 50 1.4657203051805223 120.426770577663 -0.8000000119209298 3.5999999046325675 0.006928503262924254 0.005119845114481253 0.0018409591801087461 0.0029723695463076453 0.0013938016709769503 0.0023386686550250168 0.0013871455937394949 0.00220793784402003 0.0014346933875832456 0.002186432603255984 0.001532757745828398 0.002436155297578635 0.0023594274646530325 0.003636030191862281 0.004426696616866881 0.007008431800319829 0.02512684644504366 0.023744436792612688 0.18252859705786667 0.047618534879021936 0.2084921000716243 0.05513514373778354 0.21189445561547343 0.05949084294338619 0.19440754822231804 0.057602375706746645 0.08844418643925017 0.03940219629715222 0.010254500130932763 0.014038233633496933 0.002982853889484425 0.0049287353967824455 0.0017633322658833085 0.0027359810258641543 0.0011770876545316635 0.0018263807065917882 0.0009626532068095108 0.0015480194728476244 0.0009435217961250698 0.0015519212442685444 0.0010470938550602151 0.0016065873608963907 0.0012954582550040825 0.0019565761888768168 0.0018015262550608799 0.0025619037270051335
50 2.1940598487854004 51 -0.6781197447642922 132.07342646370623 0.0 2.4000000953674308 0.011611782563940487 0.007035216182888668 0.0024377141911722322 0.0039554132417424035 0.0018578660483253423 0.0029253225996052745 0.001863694470807497 0.002990403289594331 0.0024280826872008963 0.0034993415851562277 0.0030388068113229275 0.004665465235010024 0.003971721232041323 0.00607436280255508 0.006327789061009695 0.010107099327041595 0.015851409098445894 0.023107295292674426 0.1360414910215575 0.047314393102747675 0.23572882603957857 0.059595838952817615 0.24480319401162082 0.06128489155834281 0.14181162343831988 0.054634482712075466 0.061134577548470806 0.040882985789191785 0.033882381982241215 0.024360093513329687 0.008718122936158007 0.012021344918632923 0.004014946740369058 0.005838573559735473 0.0017482541012860682 0.0030175377510173176 0.0011751825178247836 0.0018896236678460768 0.0009080918485217698 0.0014408434878186854 0.0007318577700234168 0.0011694490804390761 0.0006401553066441695 0.0010085043213952285 0.0007917757115576931 0.0013112187647034625
51 2.960764169692993 52 -10.72304762786176 145.11619729227652 -4.000000000000001 5.999999999999999 0.020004165816434535 0.008438300557290739 0.0033387252809507187 0.004888155397385499 0.0019912048780263707 0.003133576503876593 0.0015059550959367913 0.002332484043871449 0.0014436056223145575 0.0023718500324840246 0.0014291260459443444 0.0025232722195961603 0.0022888721916638115 0.0038863476010939737 0.005156151040025965 0.007865289129509416 0.0425660611466831 0.029889380355324166 0.15455087830176928 0.053235910884079196 0.1941980366470997 0.06330572185781913 0.21098611287682612 0.05986330138957312 0.2166183635621053 0.057857601829247304 0.061526115994567324 0.033207711591940185 0.005465320291104797 0.008713258036616437 0.0023649050532617896 0.003841023971125613 0.0017381528832550233 0.0026973857060833654 0.0014214285801155404 0.0021005644980243913 0.0015292065999791453 0.0022753393384167854 0.001294526224020056 0.0020722126982131907 0.0013668583263797877 0.002048765725646172 0.0015900938553112926 0.0023370451418765247 0.0017893226368368063 0.0026660507565617136
52 2.196920156478882 53 -11.154367891241245 145.71721288303144 -2.4000000953674325 5.199999809265136 0.01898953691341912 0.008300316755512066 0.0027230855590695793 0.004246368496817764 0.00169843299988934 0.0028622407216017534 0.0017562456078146777 0.002600783247964281 0.0016471801848670774 0.0026726096477238154 0.0019408403825740563 0.0030070358651597354 0.002795014726801388 0.0043786053450449725 0.006187651558793336 0.009376764441736152 0.041919932951357666 0.0314734750450284 0.18750076050027376 0.051807882656612646 0.18575209194205933 0.05769979599105232 0.1838991542550941 0.06158906708767192 0.18473796856012092 0.05859453244764787 0.08650429680448019 0.04515287101038063 0.010658684116924102 0.015518164085193614 0.004292626565583239 0.006821816732276689 0.002944830449592726 0.004651827285217457 0.002544904857185162 0.004080136492747223 0.0023527796724420722 0.00377358972052818 0.0017201230196868917 0.0027311780409572948 0.0011932410160326089 0.0020921486732990466 0.0008847219994417232 0.001449446605987049 0.0006766979532528002 0.001141426032482272
53 1.9103440046310425 54 2.1690454601412092 148.01758295487346 0.0 3.200000047683715 0.012663821591134512 0.007532741582656177 0.0034289816976648545 0.005244674928376533 0.0024630904163557166 0.004031274614990273 0.0023050138510903903 0.0034857337729712196 0.0020092670459671306 0.0030142596429423955 0.0018876442569446942 0.003252435235142814 0.003184946403710741 0.004250425855483759 0.0053761838538129575 0.008140643512717293 0.01753819690245572 0.0222175064601218 0.16428294232487786 0.048823006280365455 0.20327718397942302 0.059739609447344716 0.21112216967975828 0.06416230698596824 0.14857673922630144 0.05677020156696871 0.09711645615540054 0.044240756973881204 0.014425102868284707 0.020225512718395018 0.00555603020778497 0.008510060644006742 0.0032720741711119274 0.004760843668005957 0.0018719440444449954 0.0031882405230530004 0.0017137743755187697 0.0026889904213645375 0.001819833736753867 0.0026607200024314384 0.0018283759738717703 0.002928264158875442 0.002550104493967755 0.0038286331006820037 0.004770315361015188 0.0063509039038417365
54 2.476987600326538 55 2.7414317953715654 108.7589218495073 0.8000000119209281 1.6000000238418568 0.0025487680840105813 0.003660287524581144 0.0012455126902538903 0.0020244141669708256 0.0010040521798063266 0.0016613412556619488 0.0009576667888615122 0.001591483911111062 0.0011901171433294278 0.001821541549251391 0.0014162452847620774 0.0023464086671859336 0.0027324218597106083 0.003904670113846545 0.004858663319001878 0.0076404901835142695 0.025807112795814567 0.023589322211365654 0.1719430059252132 0.04742051432892652 0.22719425587148256 0.061722241282357496 0.23791155440674094 0.05825446310461349 0.168246697904664 0.055042596758288966 0.07170024079559424 0.03854507687324245 0.014760642544242308 0.018093033078362457 0.005955992159869815 0.008539540497442055 0.002614311212702357 0.004248905182142696 0.0014352281121049089 0.002352366585173155 0.0011004229627287762 0.0018067932302442127 0.0008552922913812965 0.0014955564059596937 0.000888201011020665 0.0014450608609132814 0.0008801887761111319 0.0015018080397298014 0.0014016807100812063 0.002119643180508601
55 2.4847588539123535 56 -1.1661014623019286 121.16139982380588 -1.6000000238418588 5.199999809265136 0.0030869830500073565 0.004408641060800463 0.0020952463792315887 0.0031088174815907046 0.0016220237017119654 0.0025463171782927727 0.0014635719110516496 0.002467670040630235 0.0014463661042758453 0.002346147258509654 0.002137188131965835 0.003194842793008238 0.0031283340026879293 0.0048079514194923284 0.007990950025692395 0.010757975319156331 0.0530820361754323 0.03081822132522192 0.19012491437942175 0.05005551501883543 0.2055471958753497 0.05661052635654398 0.19029910660198293 0.0625035852218406 0.16513167780076515 0.058591871951056265 0.09259923600072983 0.04657893925372965 0.022786300196310998 0.020869690887020925 0.006194977090534241 0.009438555810203671 0.0031005898394254406 0.004882697607588896 0.002235485877997366 0.0033460427555099953 0.0015947846843351967 0.0024122647352738964 0.0012603175529616304 0.0019635781552010847 0.0010383756740554924 0.0016638832834807 0.0009574365735034212 0.0014992428915956847 0.0009711954640254308 0.0015334117454611994
56 2.1082348823547363 57 1.7183913103187973 105.82966315544586 0.8000000119209281 2.4000000953674308 0.003004070565519494 0.004345812703153089 0.0016337080116391972 0.0025401161030681623 0.0011618709627303557 0.0019250908684382948 0.0010869238463096804 0.0017622324192927642 0.0011221009400332314 0.00179148057949338 0.0012801850987564849 0.0021516882212933965 0.0023903907582438623 0.0035897886117432927 0.005075920688881299 0.0071764015330096145 0.018976148722148294 0.023407688087204212 0.15720854256265132 0.05085631178690441 0.2270932101940724 0.06364455265771006 0.23030925500469712 0.06185746318833324 0.19107769758101273 0.05734888507816016 0.05435785878211991 0.036164477086759614 0.010412417859334142 0.013228012769675472 0.0038344593512230963 0.006239246969875395 0.0023127488734419406 0.0034829997067509196 0.001224928005209282 0.0020202958767019377 0.0008891610259513152 0.001469033225297458 0.0007669126871550731 0.0012372122663618127 0.0007512015971943644 0.0011075770682133534 0.0007596970846969538 0.001196342025074485 0.0008868194132418436 0.001372601683498836
57 4.7314043045043945 58 29.312776877485533 145.26396505305965 -7.306666374206544 6.773333072662353 0.0006457212435974032 0.0010603498451418733 0.0006820468634165625 0.001125006618516319 0.0008479175270675234 0.0013847836175746662 0.0011972597353796857 0.0019319252299668745 0.0016971984293335347 0.0027980606096025674 0.002490834014556746 0.003963163982319794 0.003905762539462224 0.005737407995955441 0.0061209310920789075 0.009564425652098186 0.014125413283351382 0.020960339579680957 0.11023146345923493 0.050216372485369115 0.21462322121233118 0.06195994596670798 0.2617979965091111 0.06423124729959181 0.1741113160153286 0.06077747279672456 0.06033545454943208 0.039848353471285486 0.013161312690119805 0.01822385738781275 0.006986356779832245 0.009844661556397493 0.004020802806149919 0.006371397768644796 0.0024719374433060364 0.003858853853297412 0.0018075347891669763 0.002828294925011467 0.0015075418234946005 0.002315865227703547 0.0015113226210427173 0.002590636669980828 0.0023319473603185315 0.0037354550324581208 0.02076750833644782 0.008945333585576047
58 9.815890312194824 59 32.452537353866205 154.9840701666084 -12.28108024597168 -1.5027027130126964 0.000781997482785179 0.0012460026975799478 0.001799302353614753 0.002893929619851523 0.0038522551272663756 0.005605963415990361 0.003049347732722622 0.004221955574374154 0.0015073558900320434 0.0023252345583869003 0.0012631759900288357 0.0020752916869768157 0.0015634686993771314 0.0024316535957956947 0.0026586560922652637 0.004245544965447302 0.007081868785205727 0.010584874045867273 0.10021602165111199 0.04325441746553243 0.2538392592666038 0.0669424432783623 0.2467094075079007 0.06538470334621238 0.09072221578060209 0.05403393322181811 0.01341324187125077 0.019997572047148887 0.007913720788860224 0.012454349796977054 0.011648085236007955 0.016410974346186852 0.034965831610198964 0.030290443596782263 0.03928562386332193 0.025687628718691645 0.006929682626820667 0.01041911298976463 0.0033305730688734008 0.00503541287379681 0.0024466027911312148 0.0038256652513244315 0.0021322430785176267 0.003192864162482411 0.0022245412032923704 0.0034245790432244527
