dev_tests/NGC4550_input/dynamite_input/bayes_vyd_kins.ecsv
# %ECSV 1.0
# ---
# datatype:
# - {name: binID_BayesLOSVD, datatype: int64}
# - {name: bin_flux, datatype: float64}
# - {name: binID_dynamite, datatype: int64}
# - {name: v, datatype: float64}
# - {name: sigma, datatype: float64}
# - {name: xbin, datatype: float64}
# - {name: ybin, datatype: float64}
# - {name: losvd_0, datatype: float64}
# - {name: dlosvd_0, datatype: float64}
# - {name: losvd_1, datatype: float64}
# - {name: dlosvd_1, datatype: float64}
# - {name: losvd_2, datatype: float64}
# - {name: dlosvd_2, datatype: float64}
# - {name: losvd_3, datatype: float64}
# - {name: dlosvd_3, datatype: float64}
# - {name: losvd_4, datatype: float64}
# - {name: dlosvd_4, datatype: float64}
# - {name: losvd_5, datatype: float64}
# - {name: dlosvd_5, datatype: float64}
# - {name: losvd_6, datatype: float64}
# - {name: dlosvd_6, datatype: float64}
# - {name: losvd_7, datatype: float64}
# - {name: dlosvd_7, datatype: float64}
# - {name: losvd_8, datatype: float64}
# - {name: dlosvd_8, datatype: float64}
# - {name: losvd_9, datatype: float64}
# - {name: dlosvd_9, datatype: float64}
# - {name: losvd_10, datatype: float64}
# - {name: dlosvd_10, datatype: float64}
# - {name: losvd_11, datatype: float64}
# - {name: dlosvd_11, datatype: float64}
# - {name: losvd_12, datatype: float64}
# - {name: dlosvd_12, datatype: float64}
# - {name: losvd_13, datatype: float64}
# - {name: dlosvd_13, datatype: float64}
# - {name: losvd_14, datatype: float64}
# - {name: dlosvd_14, datatype: float64}
# - {name: losvd_15, datatype: float64}
# - {name: dlosvd_15, datatype: float64}
# - {name: losvd_16, datatype: float64}
# - {name: dlosvd_16, datatype: float64}
# - {name: losvd_17, datatype: float64}
# - {name: dlosvd_17, datatype: float64}
# - {name: losvd_18, datatype: float64}
# - {name: dlosvd_18, datatype: float64}
# - {name: losvd_19, datatype: float64}
# - {name: dlosvd_19, datatype: float64}
# - {name: losvd_20, datatype: float64}
# - {name: dlosvd_20, datatype: float64}
# - {name: losvd_21, datatype: float64}
# - {name: dlosvd_21, datatype: float64}
# - {name: losvd_22, datatype: float64}
# - {name: dlosvd_22, datatype: float64}
# meta: !!omap
# - {dv: 60.0}
# - {nbins: 196}
# - {nvbins: 23}
# - vcent: [-637.8148672632246, -577.8148672632246, -517.8148672632246, -457.81486726322464, -397.81486726322464, -337.81486726322464,
#     -277.81486726322464, -217.8148672632246, -157.8148672632246, -97.81486726322461, -37.81486726322462, 22.18513273677538, 82.18513273677539,
#     142.1851327367754, 202.1851327367754, 262.18513273677536, 322.18513273677536, 382.18513273677536, 442.18513273677536, 502.18513273677536,
#     562.1851327367754, 622.1851327367754, 682.1851327367754]
# - PSF:
#     sigma: [0.8936170212765957]
#     weight: [1.0]
# schema: astropy-2.0
binID_BayesLOSVD bin_flux binID_dynamite v sigma xbin ybin losvd_0 dlosvd_0 losvd_1 dlosvd_1 losvd_2 dlosvd_2 losvd_3 dlosvd_3 losvd_4 dlosvd_4 losvd_5 dlosvd_5 losvd_6 dlosvd_6 losvd_7 dlosvd_7 losvd_8 dlosvd_8 losvd_9 dlosvd_9 losvd_10 dlosvd_10 losvd_11 dlosvd_11 losvd_12 dlosvd_12 losvd_13 dlosvd_13 losvd_14 dlosvd_14 losvd_15 dlosvd_15 losvd_16 dlosvd_16 losvd_17 dlosvd_17 losvd_18 dlosvd_18 losvd_19 dlosvd_19 losvd_20 dlosvd_20 losvd_21 dlosvd_21 losvd_22 dlosvd_22
0 3.390184164047241 1 -5.108763489651847 101.06599292408349 0.0 0.0 0.001877570650529148 0.0028981775786618047 0.001137189172046944 0.0018651243653554877 0.0009667650236878583 0.001488629496061718 0.0009308807502310904 0.001412281330575345 0.0010494345347226792 0.00176879516492869 0.0016197342419923878 0.0025342322038278014 0.002683450810547157 0.00421605128907132 0.005458517314539296 0.008403122608605526 0.03949179926272557 0.02741195957924756 0.15821737649785605 0.051682099454843235 0.21754869362074247 0.06297007128482143 0.24628303312333424 0.06333168624858167 0.19822987091414623 0.05582868392703809 0.022343751987164637 0.028299479546773504 0.006479455623974664 0.009528801462703159 0.003285432556681751 0.0053091372415316005 0.002759949025936525 0.003925574421654318 0.001966298817875655 0.002935441430669795 0.0013560812387263261 0.0021173510520780306 0.00104169116052046 0.0015101861818770665 0.0007254496550600605 0.0010930150073967147 0.0005571242351221583 0.0009298382039633309 0.00045702349780988856 0.000764199060929451
1 2.972848892211914 2 -1.0290816383212644 97.5708951601267 -0.8000000119209298 0.0 0.0018527769771814503 0.0025244180735056847 0.0011658119005746091 0.0018720299465361677 0.0009449232568795044 0.0013579768335433616 0.0007442232184274878 0.0012395310832265004 0.0008201751910334667 0.0012706116406931386 0.0009832278494788828 0.0015336143408286715 0.0017696820091222523 0.0027593590079499943 0.003964401084511151 0.006257183851346555 0.018472938562881867 0.022947161635364262 0.17352583715406777 0.05093862859605663 0.21745166368792024 0.06524621038518558 0.24953896175347112 0.06879996913708199 0.2053389385763873 0.049823234011160844 0.030444709583171747 0.026170269519342496 0.005237527104149485 0.008073122587422467 0.002699570418862224 0.004249318471504337 0.0014993448903470451 0.002471744003579418 0.001176919417671583 0.0019788233477484106 0.0009841553322707487 0.0015575737010173425 0.000921477651153292 0.0014888378028468329 0.0008217022917600637 0.0013295402172071086 0.0008849485058805961 0.0012626029743938222 0.0007490871915017111 0.001180252547593044
2 2.7275335788726807 3 -4.22162760868571 109.22381948444665 -0.8000000119209298 -0.8000000119209301 0.002423957578367969 0.0035542528754036948 0.0027281760901271884 0.00420542886367085 0.002473264747242195 0.00381911989180631 0.002102981375046246 0.003230567591009527 0.002113749948149118 0.002945006240447089 0.0019499278478684408 0.0029878393672320923 0.0028160084593033164 0.004053862715735168 0.004677155902793781 0.007115336141301416 0.013740846248221967 0.02001061775558609 0.16607804333814075 0.04713327972216489 0.23754839334385608 0.06743879916968169 0.24383922022270152 0.07287071203502185 0.19519591530818564 0.05829288773946993 0.02897770125219712 0.029556835756171646 0.0057355952196830005 0.009100825441475753 0.003006193836079239 0.004514454663173435 0.0020637590468615004 0.0031388414238174168 0.001807967591727879 0.002648984702174968 0.0014265614008712132 0.002325776146917677 0.001451294066060118 0.0022568488250805895 0.00113898661392252 0.0017800232376377397 0.0009621500421912186 0.0016349542578150322 0.001000365615903395 0.001528326797942658
3 3.0682690143585205 4 -2.9060273428195007 100.73255673798913 0.0 -0.8000000119209301 0.0019270761767236372 0.0028616693379004804 0.0013125510564663677 0.002132142943927645 0.0010277942785200092 0.0015434575134246323 0.001007751714929799 0.0015210777058682465 0.00111914289984577 0.0016874670444058037 0.0014712390668915696 0.0023739834102054496 0.0025383390313731295 0.003805280539685949 0.005264061556289837 0.00756720787545494 0.025561150027653454 0.024148061459506716 0.16863432500904946 0.05163339191095653 0.2496606605190746 0.06536973493375323 0.2608669846305257 0.061493743146470936 0.17677047820480998 0.05459671271971029 0.04438910458190719 0.0319078509527039 0.007702876963806406 0.0115623318835185 0.003905125124486596 0.006014020748577156 0.0021239420838784387 0.0035797035915377906 0.001456555773614117 0.0023513638187382807 0.0012450080506202455 0.0019039836885966107 0.0008501099080980563 0.0013563250008468929 0.0007570939351091177 0.0012634130149704946 0.0007479184588811519 0.0012106840726424375 0.0009293394578833775 0.0013355820765050491
4 2.1325676441192627 5 2.191596333405838 106.11588991103254 -1.6000000238418588 -0.8000000119209301 0.0015637340689927115 0.0023344387183705803 0.0012876403973204062 0.0019848161530644525 0.0011338252460807465 0.0017707156314890088 0.0010091811506593364 0.0016959213278593076 0.0010623426938356146 0.00162099943124482 0.0012093406509199004 0.0019642155817557955 0.0016842298412988695 0.002722305423893602 0.0031060139640144784 0.004806741038156259 0.01237756202332722 0.01601150306007565 0.16082224485944605 0.04488113415174801 0.2573059125601069 0.06433567627499882 0.23312652891035673 0.0676901097439707 0.15719834637516064 0.05421477917406397 0.05253209717861394 0.030714679403420982 0.008541894805982667 0.012416873380484368 0.0036661314919625436 0.006408106475752868 0.0026510403934997336 0.004159207765496342 0.001996382584741504 0.0032677096660583727 0.001813286316092301 0.002763065606737963 0.0015052657943204154 0.002509081312858111 0.0014138805952844512 0.0021937851784703784 0.0013525063666412842 0.0022638310549746073 0.0016337903704597514 0.0026013029743632583
5 2.2180335521698 6 -0.016563342528437275 109.52410122018316 -1.6000000238418588 0.0 0.0018562125442918769 0.002565709197349252 0.0010455764189083749 0.0017548951515035417 0.0009074713543227199 0.0014158856861087269 0.0008576171571865197 0.001428163331865176 0.0009319288869159359 0.001632770738793445 0.0013971398448388594 0.0022407928414604115 0.002223132805997069 0.003578048970589542 0.005046567795876195 0.008134449788843522 0.025744068900390625 0.025212708025276656 0.16160012711768912 0.05265437239255042 0.24955214179937074 0.06724040364874215 0.2552788419740196 0.06719177179400217 0.18992524442566533 0.052675949615036306 0.03172228441388243 0.02809505510284087 0.00599500926198956 0.00842988140091221 0.0024558578274520505 0.0038330627594753853 0.0013130785614139156 0.002201916352436426 0.0010647898236869982 0.0016052804250536218 0.00076289148532888 0.0012687960381990917 0.0008820363867144566 0.0014404887225861638 0.0009906399689659346 0.0015894634206621082 0.0014425330959424046 0.0023677051714013015 0.0055664115801933875 0.005276072146322569
6 2.4085171222686768 7 -6.538925363839707 114.55470358259088 -0.8000000119209298 -1.600000023841859 0.003970199516183359 0.005260874091500867 0.0024156320379922144 0.003740061562166018 0.0016465348028573044 0.0026095154449586014 0.001389418494456862 0.0022618780637248953 0.0015129883919108931 0.0023769374494373796 0.0018229466635013365 0.0030410025817211718 0.0031117297236900212 0.004824221814816506 0.009360644839751778 0.010293730040390766 0.04115606927980822 0.03177917422810108 0.1561898935646183 0.05273578244095803 0.20288506166116638 0.06526915493791911 0.2506402542202896 0.06384970163381365 0.21338305976546054 0.05262475942711796 0.019868853175965567 0.025864334059347432 0.005162435417638981 0.007726959793358107 0.002850280933080013 0.004528677548668586 0.0021443916358043166 0.0031854284387957286 0.0016276857992263767 0.0025183307661981293 0.0012997243570122623 0.002057481131488233 0.0011148201504939754 0.0018753865699040818 0.0011229010018179119 0.0017631601261413892 0.0013685706182169975 0.001997726301382438 0.0018635129436087147 0.002967919460154281
7 1.977230429649353 8 -8.26488011695405 118.32093213183235 -1.6000000238418588 -1.600000023841859 0.006286665671400907 0.005758757869974381 0.0023668579951133775 0.0036957701210211394 0.0015525007604841135 0.002540396283025772 0.001258077089321507 0.0019688048852935422 0.0013832007852282973 0.002099065521625703 0.0019176998270463539 0.002492602865496907 0.0025390367968185427 0.003983132630088942 0.00512402383766051 0.007943777697691426 0.021816822459385304 0.029386036087067816 0.1863640647819761 0.05421073018161601 0.20415715377561394 0.06604536391789806 0.20666218874335265 0.06446658011899849 0.19539672575602368 0.05242778720551024 0.03212063229816529 0.02993987130271461 0.005353372286732156 0.00869404535009083 0.0030228817260024134 0.004474093900236947 0.0018923730540605964 0.002857744732926793 0.00138549526165199 0.0023077559205580277 0.0014052996951998862 0.0021008703457942725 0.0013067403055844725 0.0020845335592518557 0.0013238109567660975 0.0019653088704883717 0.001275208115751297 0.002086777291219256 0.0011690508019077065 0.0018149670941731545
8 2.6204612255096436 9 -2.8561558906908653 115.86106883352005 0.0 -1.600000023841859 0.005489532344607579 0.004823909846849722 0.002094580011731103 0.002990004206293655 0.0014649586725085143 0.00230838330376929 0.0014729876141668596 0.0020213143048923516 0.0013191203442970045 0.0021418398647333283 0.001440784419120609 0.0023571361009716496 0.0021786733164118636 0.0035274043429078415 0.004737573948597323 0.00720713923249956 0.023553963424526675 0.022340603390044372 0.15368274883851826 0.04607043996714511 0.2237377798444047 0.0601427340847831 0.2512482947400246 0.0668646830949711 0.20709393018506972 0.055174443595050054 0.01960265750130737 0.0278246615575094 0.005965479652580079 0.009136386649796652 0.00277590357453082 0.004377228117206357 0.00258724385498772 0.0034450203752177783 0.0016983701480501557 0.0026963947161387086 0.0015081152132165817 0.002175094566004964 0.0012822880109495621 0.0019796857344311506 0.0011624363461370372 0.0018570381221194154 0.0015380494797708347 0.0023088006814849633 0.002428208202286824 0.0032610122614108806
9 2.8209822177886963 10 0.33188490452272 108.37983990074488 -0.8000000119209298 0.8000000119209278 0.0032341448765685196 0.004198128894839651 0.002367117156731529 0.0036932835015753957 0.0018117967353204235 0.0028033861058477704 0.0014239713992933922 0.0022735098791148416 0.0012135440635554762 0.0020208916161707597 0.0015140194808385698 0.002340346813002834 0.0018709335865558657 0.002955470701514358 0.004215174480903897 0.006159061472956836 0.02227877480013149 0.020993694858538744 0.146935964365148 0.04416709676288037 0.2676946555273526 0.05992771784924543 0.24691670313248285 0.0638705543506857 0.16618289211766346 0.05645529120450086 0.06687590929731178 0.03969924121613826 0.01069006603594681 0.01509459201369157 0.0045132395968417345 0.006635480433494168 0.0019303575045210096 0.0031477748233603975 0.001307551425380476 0.001969591994772813 0.0008842973069981858 0.0014527307019210087 0.0007381027812271305 0.0013170787054346373 0.0008124186555207489 0.0013814185139947486 0.00095988546038467 0.0016719614232523778 0.0012540252935631655 0.0019508031229899185
10 2.820091724395752 11 -2.26620961610273 99.31993036628319 0.8000000119209281 -0.8000000119209301 0.001354914211509212 0.0019181330931068523 0.0009539936885834575 0.0015124304448419495 0.0008798540456856457 0.0014559582186041192 0.0010824653563422193 0.0016608536096796868 0.0012989750372411082 0.0021246732843790356 0.002003985711425149 0.0030697854322444835 0.0029720119510548457 0.00465429097337669 0.005187898896771757 0.008456659734443239 0.017870704512316142 0.024168378134175085 0.16799905632481543 0.04758146434591129 0.232500726099044 0.061714734352292355 0.24961495242717874 0.061281687007580146 0.18990220553944737 0.05097600438737239 0.030193157059226778 0.029329957371223816 0.005669797985282792 0.0087134058588885 0.0035198846165288523 0.00464367365684656 0.002020213881096205 0.0031565814063878473 0.0015446242227489353 0.0024228459979674442 0.0012344806731376576 0.0018987085778830316 0.0010587487827581866 0.0016171367896628994 0.0008336289651784357 0.0014239632216905256 0.000882547292413347 0.0013948674711533012 0.000922156982991324 0.001491958036830613
11 3.1822092533111572 12 -3.5151648365738435 116.59146235532472 0.0 0.8000000119209278 0.0071081254260659974 0.0050699986793842685 0.002121792171527398 0.003324717262966069 0.001579482077118146 0.002714141928097027 0.0016039626235281516 0.002403216836452958 0.001598265609585445 0.0025960322708503424 0.0019431969085809873 0.0028451095224087054 0.002988509570182131 0.004331560490352784 0.00541753682138725 0.008302262552237183 0.023372477401772083 0.02289567772649509 0.14154030918085284 0.047150288057577934 0.22887621390279045 0.061903951510440675 0.2625971765504886 0.059970975608636026 0.1801019924657874 0.05350581696480937 0.04289961983956824 0.032885637541811806 0.007550698749697016 0.010932991142693204 0.003493695643943992 0.005427879085785146 0.0022505061633698474 0.0035752957809871504 0.0015138510598508108 0.0023930495872916827 0.0011905180965440275 0.0019149168581804315 0.001109975180763528 0.0017541092076884181 0.0009744409122859033 0.0016155250867750468 0.00104797239983313 0.0016114065518745976 0.0011687169484780068 0.001659610855693201
12 3.0564024448394775 13 -11.686404239108441 116.31538098723021 0.8000000119209281 0.0 0.008204203204244673 0.00505865680618698 0.001897997157581548 0.00273765382666545 0.0013849271273493526 0.0022136337583244965 0.0013589329253206265 0.0020220196343017144 0.0017615802023882795 0.0024670673249764146 0.0018675406542779168 0.00307387250942027 0.002717404976111322 0.004412131212092186 0.005789602685954422 0.008602144250028396 0.027645423957433128 0.025556588859028215 0.16598583313353776 0.0489741056851019 0.21896911260106344 0.06323215705859764 0.24235257500052823 0.060035787354639436 0.1771588082768606 0.05020318388544104 0.02319444681855402 0.02484674111067701 0.006127786933836406 0.009473398294172649 0.003913736973051665 0.005900245355715901 0.0028249222525642023 0.004168106737381068 0.0021227973944481487 0.003210146178885311 0.0013400047962528316 0.002209698587031877 0.0008495195156537196 0.001356065454741491 0.0007003982926274227 0.0010559042205284712 0.0005788282550846364 0.0009065658590397499 0.0005741685714769388 0.0009471639861143376
13 2.4444727897644043 14 4.174106636124771 112.06487440062762 0.8000000119209281 -1.600000023841859 0.002076708560601744 0.0028739827727908445 0.0012045326914113062 0.0018037363271974612 0.0010792951044271007 0.00174926367435279 0.0013036913374817494 0.0020791765688665323 0.0016422406587060126 0.0026568572277952318 0.002208961954743813 0.0034067388312541396 0.0032487519988346667 0.005094737242270704 0.005364302682164555 0.008345001483990646 0.014545004198213576 0.02151481014825414 0.16126147661009776 0.049006516956567374 0.2215935418462685 0.06419678087124356 0.255606362617821 0.065503198634037 0.2068685061999415 0.05242133800084789 0.03651623106138614 0.027476155552116174 0.004730290864391692 0.0076319536487995466 0.002574912689058235 0.004173066644422065 0.00187824289143362 0.002894908051791171 0.0017996556054066673 0.002770658036826392 0.0016601019084830216 0.0027492137434405608 0.0019623619206423065 0.003166613603764632 0.0022904203270822524 0.0037015736006227895 0.002540442228203355 0.00395328118291346 0.0023855670795339843 0.0036623819641158186
14 2.907801866531372 15 8.110321691266087 116.53044427318076 0.8000000119209281 0.8000000119209278 0.0023580012739884996 0.003345314439494355 0.001326852241793575 0.0021612553527188814 0.0012526043456939334 0.0017315021058676237 0.001461179433033913 0.0023006882175197712 0.0016909903063965588 0.002620725104757457 0.0025801158964955896 0.003781795233882041 0.0032930618752041803 0.004973038548410157 0.005163866478568714 0.007797322620981037 0.011795428353792237 0.017413175171186488 0.139646507241632 0.04316012327193989 0.2205299545969125 0.06067238876786704 0.23191267301741517 0.06418913079152394 0.17560238497566655 0.0548971275050498 0.05420418715803973 0.037238020209703786 0.010606890522964143 0.016057964170142935 0.005185157783350627 0.007988249377201457 0.003334551673278323 0.005116225267588535 0.0022111628997361957 0.0035959292337418205 0.0022966850340516358 0.0031349798575983096 0.0017801879927770796 0.002940967641569501 0.001773767956288606 0.0027407097996489335 0.0018227118090952856 0.0029389323315060353 0.002130595880778889 0.003246557373530778
