dev_tests/Data_prep/Dyn_input/CALIFA/gauss_hermite_kins.ecsv
# %ECSV 0.9
# ---
# datatype:
# - {name: vbin_id, datatype: int64}
# - {name: v, datatype: float64}
# - {name: dv, datatype: float64}
# - {name: sigma, datatype: float64}
# - {name: dsigma, datatype: float64}
# - {name: h3, datatype: float64}
# - {name: dh3, datatype: float64}
# - {name: h4, datatype: float64}
# - {name: dh4, datatype: float64}
# meta: !!omap
# - PSF:
#     sigma: [1.06]
#     weight: [1.0]
# schema: astropy-2.0
vbin_id v dv sigma dsigma h3 dh3 h4 dh4
1 -44.8994 2.0988 211.7829 1.9654 0.0 0.005 0.0 0.005
2 -69.4274 2.3608 188.883 2.1766 0.0 0.005 0.0 0.005
3 -70.9483 3.9338 177.095 3.7142 0.0 0.005 0.0 0.005
4 -48.0667 3.4617 184.1865 3.0684 0.0 0.005 0.0 0.005
5 -30.7408 2.386 208.2472 2.2207 0.0 0.005 0.0 0.005
6 -76.698 5.5494 162.3144 4.572 0.0 0.005 0.0 0.005
7 -49.9761 4.4211 174.0705 3.6461 0.0 0.005 0.0 0.005
8 -35.899 3.5335 180.28 3.3672 0.0 0.005 0.0 0.005
9 -75.562 3.5041 139.9438 3.9235 0.0 0.005 0.0 0.005
10 -43.7646 4.1029 175.4291 3.7975 0.0 0.005 0.0 0.005
11 -80.9511 4.942 150.4998 4.1311 0.0 0.005 0.0 0.005
12 -0.8224 3.1619 193.1385 2.6654 0.0 0.005 0.0 0.005
13 -28.1228 5.4621 173.8336 4.8414 0.0 0.005 0.0 0.005
14 -9.9886 2.2988 216.2178 2.4602 0.0 0.005 0.0 0.005
15 6.7758 2.4226 211.2376 2.5402 0.0 0.005 0.0 0.005
16 -37.5425 5.4052 146.12 4.9705 0.0 0.005 0.0 0.005
17 -49.5371 4.3269 126.9765 5.232 0.0 0.005 0.0 0.005
18 -11.098 5.3324 156.5509 4.9735 0.0 0.005 0.0 0.005
19 11.0851 3.2457 156.0131 3.6181 0.0 0.005 0.0 0.005
20 -5.0543 5.2247 130.4659 5.6089 0.0 0.005 0.0 0.005
21 12.4373 3.3712 174.9767 3.1878 0.0 0.005 0.0 0.005
22 32.8981 2.3093 188.0035 2.2868 0.0 0.005 0.0 0.005
23 14.586 3.9 118.0887 4.297 0.0 0.005 0.0 0.005
24 -42.94 9.0532 103.6525 9.6436 0.0 0.005 0.0 0.005
25 4.7054 5.8248 110.412 7.0861 0.0 0.005 0.0 0.005
26 -84.9998 5.1331 86.7577 6.6175 0.0 0.005 0.0 0.005
27 -84.7474 3.5237 120.4654 4.1312 0.0 0.005 0.0 0.005
28 -83.9353 3.6461 144.7897 4.1117 0.0 0.005 0.0 0.005
29 -80.9641 2.8551 158.7474 3.0086 0.0 0.005 0.0 0.005
30 -115.6326 5.1403 120.4888 5.4046 0.0 0.005 0.0 0.005
31 -80.3826 3.3888 166.942 3.582 0.0 0.005 0.0 0.005
32 -123.815 4.814 105.3901 6.3069 0.0 0.005 0.0 0.005
33 -116.5117 4.5301 126.9772 4.6445 0.0 0.005 0.0 0.005
34 -97.3652 6.3195 133.7031 4.4995 0.0 0.005 0.0 0.005
35 -152.1767 4.0995 108.4441 4.199 0.0 0.005 0.0 0.005
36 -86.9482 3.3563 149.2708 3.5277 0.0 0.005 0.0 0.005
37 -152.1529 5.178 78.6182 6.447 0.0 0.005 0.0 0.005
38 -108.2867 3.3841 127.4329 4.0929 0.0 0.005 0.0 0.005
39 -90.1685 2.9667 150.2949 3.1804 0.0 0.005 0.0 0.005
40 -197.5954 4.5929 58.9762 6.5804 0.0 0.005 0.0 0.005
41 -164.8111 3.9345 78.6186 4.7208 0.0 0.005 0.0 0.005
42 -123.448 3.0529 104.3492 3.6954 0.0 0.005 0.0 0.005
43 -202.3519 5.2187 68.2957 5.2569 0.0 0.005 0.0 0.005
44 -106.5108 3.4783 118.0044 3.9757 0.0 0.005 0.0 0.005
45 -89.2368 3.3301 160.4068 3.712 0.0 0.005 0.0 0.005
46 -85.1046 2.8851 168.1617 3.178 0.0 0.005 0.0 0.005
47 -93.9653 3.2756 126.0702 3.8635 0.0 0.005 0.0 0.005
48 -72.2938 3.1375 184.3099 3.025 0.0 0.005 0.0 0.005
49 -81.8917 3.2464 162.809 2.9834 0.0 0.005 0.0 0.005
50 -76.719 2.8863 175.1008 2.9542 0.0 0.005 0.0 0.005
51 -115.6522 5.0941 92.3664 5.7166 0.0 0.005 0.0 0.005
52 -44.3971 1.9485 214.1885 1.8205 0.0 0.005 0.0 0.005
53 -78.742 4.4853 159.4672 3.8208 0.0 0.005 0.0 0.005
54 -88.3643 3.9919 119.8119 4.0471 0.0 0.005 0.0 0.005
55 -69.7256 3.271 176.4235 3.026 0.0 0.005 0.0 0.005
56 -58.1939 2.567 193.2411 2.6225 0.0 0.005 0.0 0.005
57 -32.9987 2.0005 219.4277 1.9919 0.0 0.005 0.0 0.005
58 -25.5121 2.0648 223.9551 2.0487 0.0 0.005 0.0 0.005
59 -67.8504 4.2885 126.8826 4.4811 0.0 0.005 0.0 0.005
60 -63.3491 5.0408 146.0871 4.6083 0.0 0.005 0.0 0.005
61 -54.1381 3.3283 181.6346 2.8143 0.0 0.005 0.0 0.005
62 -47.8339 4.2013 191.2652 3.3732 0.0 0.005 0.0 0.005
63 -2.911 1.9781 220.045 2.0027 0.0 0.005 0.0 0.005
64 -29.1747 2.6847 199.1881 2.3631 0.0 0.005 0.0 0.005
65 -44.7316 5.6628 148.5346 5.4762 0.0 0.005 0.0 0.005
66 11.9288 1.8632 218.2298 1.7665 0.0 0.005 0.0 0.005
67 31.7591 2.1054 205.3517 1.9727 0.0 0.005 0.0 0.005
68 -61.2368 4.5194 94.4964 5.8871 0.0 0.005 0.0 0.005
69 -33.8177 3.6582 182.7678 2.8894 0.0 0.005 0.0 0.005
70 27.1321 3.9418 98.7398 5.0357 0.0 0.005 0.0 0.005
71 -18.3534 4.4173 177.926 3.7212 0.0 0.005 0.0 0.005
72 30.495 3.7387 174.406 3.3193 0.0 0.005 0.0 0.005
73 26.436 3.7866 150.5075 3.4506 0.0 0.005 0.0 0.005
74 8.0962 4.5145 184.7406 3.9582 0.0 0.005 0.0 0.005
75 -30.1382 4.7499 113.3712 5.7294 0.0 0.005 0.0 0.005
76 38.705 2.3374 215.9324 2.2743 0.0 0.005 0.0 0.005
77 -152.6175 4.5772 56.8985 7.4065 0.0 0.005 0.0 0.005
78 -215.6363 5.3351 52.263 8.6916 0.0 0.005 0.0 0.005
79 -21.5212 4.4817 152.6953 4.6545 0.0 0.005 0.0 0.005
80 -22.6946 5.3371 173.5651 4.3864 0.0 0.005 0.0 0.005
81 -8.5982 5.3575 141.9945 4.5863 0.0 0.005 0.0 0.005
82 -10.1498 4.5097 172.0281 3.6832 0.0 0.005 0.0 0.005
83 40.1164 2.1933 205.6555 2.0927 0.0 0.005 0.0 0.005
84 15.6626 3.9849 174.0439 3.3692 0.0 0.005 0.0 0.005
85 -3.6206 5.1987 107.6294 5.8254 0.0 0.005 0.0 0.005
86 18.0979 4.2351 161.8517 3.8793 0.0 0.005 0.0 0.005
87 57.285 2.4826 196.8186 2.41 0.0 0.005 0.0 0.005
88 47.0949 2.892 186.7707 2.8471 0.0 0.005 0.0 0.005
89 52.8048 2.2301 200.0712 2.2151 0.0 0.005 0.0 0.005
90 28.9186 4.0063 160.6432 4.4349 0.0 0.005 0.0 0.005
91 43.8413 2.6616 183.6424 2.6172 0.0 0.005 0.0 0.005
92 7.0002 4.8599 137.6414 4.656 0.0 0.005 0.0 0.005
93 55.0294 2.6169 186.9 2.6138 0.0 0.005 0.0 0.005
94 42.2777 2.8458 170.4168 3.1054 0.0 0.005 0.0 0.005
95 18.3225 6.7487 133.1654 6.8304 0.0 0.005 0.0 0.005
96 58.6951 2.8283 166.5236 2.8914 0.0 0.005 0.0 0.005
97 32.6394 4.9906 155.0763 4.6464 0.0 0.005 0.0 0.005
98 19.6312 3.4676 117.7111 4.2497 0.0 0.005 0.0 0.005
99 41.0553 3.4719 168.4311 3.2986 0.0 0.005 0.0 0.005
100 70.7412 2.8685 175.7109 2.849 0.0 0.005 0.0 0.005
101 64.6959 2.8009 160.6799 2.7009 0.0 0.005 0.0 0.005
102 72.8446 2.7511 168.4247 2.8257 0.0 0.005 0.0 0.005
103 37.5455 7.0411 162.9298 6.1093 0.0 0.005 0.0 0.005
104 27.6521 6.4427 100.1016 7.0337 0.0 0.005 0.0 0.005
105 42.0449 5.7607 142.8614 5.2988 0.0 0.005 0.0 0.005
106 50.6928 2.999 146.5576 3.4526 0.0 0.005 0.0 0.005
107 53.734 6.1966 155.7618 5.0966 0.0 0.005 0.0 0.005
108 74.9805 4.4964 158.6812 3.6228 0.0 0.005 0.0 0.005
109 37.2416 5.0437 111.7977 5.144 0.0 0.005 0.0 0.005
110 59.211 3.431 147.2909 3.625 0.0 0.005 0.0 0.005
111 69.2429 3.0668 156.6912 3.1537 0.0 0.005 0.0 0.005
112 57.7821 3.8138 123.7835 4.3508 0.0 0.005 0.0 0.005
113 66.6085 2.9596 152.5542 3.1442 0.0 0.005 0.0 0.005
114 69.2822 3.4101 135.3123 3.4784 0.0 0.005 0.0 0.005
115 61.114 4.849 131.7357 4.0602 0.0 0.005 0.0 0.005
116 21.5174 7.5538 107.161 8.4476 0.0 0.005 0.0 0.005
117 72.2932 3.6379 144.5218 3.7338 0.0 0.005 0.0 0.005
118 66.9651 4.8638 129.6301 4.1441 0.0 0.005 0.0 0.005
119 67.366 4.7853 137.6122 4.5261 0.0 0.005 0.0 0.005
120 60.2523 4.9736 115.8751 5.5426 0.0 0.005 0.0 0.005
121 79.0762 3.3822 152.1514 3.372 0.0 0.005 0.0 0.005
122 79.659 4.1267 135.5783 4.6901 0.0 0.005 0.0 0.005
123 82.8476 3.6631 140.5953 3.6093 0.0 0.005 0.0 0.005
124 85.8246 3.6392 133.3978 3.5693 0.0 0.005 0.0 0.005
125 83.882 3.2993 152.0775 3.3261 0.0 0.005 0.0 0.005
126 90.5103 4.4631 141.5626 4.5502 0.0 0.005 0.0 0.005
127 76.9515 3.7547 126.353 4.3259 0.0 0.005 0.0 0.005
128 73.7325 4.6096 126.6752 4.3095 0.0 0.005 0.0 0.005
129 92.8546 3.7967 115.4169 4.4193 0.0 0.005 0.0 0.005
130 53.28 4.6215 110.0992 5.6403 0.0 0.005 0.0 0.005
131 97.9928 3.4293 134.0552 3.7377 0.0 0.005 0.0 0.005
132 99.5414 5.3018 124.7012 4.8786 0.0 0.005 0.0 0.005
133 87.0538 4.5388 98.2814 5.2721 0.0 0.005 0.0 0.005
134 99.6036 4.076 129.6758 4.2443 0.0 0.005 0.0 0.005
135 101.2339 6.6489 104.3616 6.8076 0.0 0.005 0.0 0.005
136 93.6952 5.5828 125.6737 5.1004 0.0 0.005 0.0 0.005
137 88.3901 6.215 125.0646 5.1352 0.0 0.005 0.0 0.005
138 83.3769 3.5661 117.6799 3.7398 0.0 0.005 0.0 0.005
139 101.9275 4.1575 109.2731 4.4547 0.0 0.005 0.0 0.005
140 97.1806 4.9919 128.3343 4.4056 0.0 0.005 0.0 0.005
141 112.0995 4.6657 119.3019 5.0147 0.0 0.005 0.0 0.005
142 136.6818 4.5934 107.5522 4.9049 0.0 0.005 0.0 0.005
143 130.2003 8.6243 119.4998 4.3771 0.0 0.005 0.0 0.005
144 141.9393 13.3664 95.5229 6.7464 0.0 0.005 0.0 0.005
145 111.4573 4.8763 120.454 4.4527 0.0 0.005 0.0 0.005
146 120.7872 3.9434 107.9628 4.4038 0.0 0.005 0.0 0.005
147 123.144 5.2241 110.2003 5.0809 0.0 0.005 0.0 0.005
148 146.3204 5.5686 102.5112 4.2288 0.0 0.005 0.0 0.005
149 185.3662 6.2494 78.0394 4.6495 0.0 0.005 0.0 0.005
150 153.0013 4.2502 89.5659 4.0578 0.0 0.005 0.0 0.005
151 114.5449 5.827 100.1592 6.2472 0.0 0.005 0.0 0.005
152 197.5954 3.9056 65.0177 5.4738 0.0 0.005 0.0 0.005
