dev_tests/NGC6278_input/gauss_hermite_kins_with_pops.ecsv
# %ECSV 1.0
# ---
# datatype:
# - {name: vbin_id, datatype: int64}
# - {name: v, datatype: float64}
# - {name: dv, datatype: float64}
# - {name: sigma, datatype: float64}
# - {name: dsigma, datatype: float64}
# - {name: h3, datatype: float64}
# - {name: dh3, datatype: float64}
# - {name: h4, datatype: float64}
# - {name: dh4, datatype: float64}
# - {name: t, datatype: int64}
# - {name: dt, datatype: float64}
# - {name: Z, datatype: int64}
# - {name: dZ, datatype: int64}
# meta:
#   PSF:
#     sigma: [1.06]
#     weight: [1.0]
# schema: astropy-2.0
vbin_id v dv sigma dsigma h3 dh3 h4 dh4 t dt Z dZ
1 -44.7518 2.0988 211.7829 1.9654 0.0 0.005 0.0 0.005 3 0.5 100 5
2 -69.2798 2.3608 188.883 2.1766 0.0 0.005 0.0 0.005 3 0.5 100 5
3 -70.8007 3.9338 177.095 3.7142 0.0 0.005 0.0 0.005 3 0.5 100 5
4 -47.9191 3.4617 184.1865 3.0684 0.0 0.005 0.0 0.005 3 0.5 100 5
5 -30.5932 2.386 208.2472 2.2207 0.0 0.005 0.0 0.005 3 0.5 100 5
6 -76.5504 5.5494 162.3144 4.572 0.0 0.005 0.0 0.005 3 0.5 100 5
7 -49.8285 4.4211 174.0705 3.6461 0.0 0.005 0.0 0.005 3 0.5 100 5
8 -35.7514 3.5335 180.28 3.3672 0.0 0.005 0.0 0.005 3 0.5 100 5
9 -75.4144 3.5041 139.9438 3.9235 0.0 0.005 0.0 0.005 3 0.5 100 5
10 -43.617 4.1029 175.4291 3.7975 0.0 0.005 0.0 0.005 3 0.5 100 5
11 -80.8035 4.942 150.4998 4.1311 0.0 0.005 0.0 0.005 3 0.5 100 5
12 -0.6747 3.1619 193.1385 2.6654 0.0 0.005 0.0 0.005 3 0.5 100 5
13 -27.9752 5.4621 173.8336 4.8414 0.0 0.005 0.0 0.005 3 0.5 100 5
14 -9.841 2.2988 216.2178 2.4602 0.0 0.005 0.0 0.005 3 0.5 100 5
15 6.9234 2.4226 211.2376 2.5402 0.0 0.005 0.0 0.005 3 0.5 100 5
16 -37.3948 5.4052 146.12 4.9705 0.0 0.005 0.0 0.005 3 0.5 100 5
17 -49.3895 4.3269 126.9765 5.232 0.0 0.005 0.0 0.005 3 0.5 100 5
18 -10.9504 5.3324 156.5509 4.9735 0.0 0.005 0.0 0.005 3 0.5 100 5
19 11.2327 3.2457 156.0131 3.6181 0.0 0.005 0.0 0.005 3 0.5 100 5
20 -4.9067 5.2247 130.4659 5.6089 0.0 0.005 0.0 0.005 3 0.5 100 5
21 12.5849 3.3712 174.9767 3.1878 0.0 0.005 0.0 0.005 3 0.5 100 5
22 33.0457 2.3093 188.0035 2.2868 0.0 0.005 0.0 0.005 3 0.5 100 5
23 14.7337 3.9 118.0887 4.297 0.0 0.005 0.0 0.005 3 0.5 100 5
24 -42.7923 9.0532 103.6525 9.6436 0.0 0.005 0.0 0.005 3 0.5 100 5
25 4.853 5.8248 110.412 7.0861 0.0 0.005 0.0 0.005 3 0.5 100 5
26 -84.8522 5.1331 86.7577 6.6175 0.0 0.005 0.0 0.005 3 0.5 100 5
27 -84.5997 3.5237 120.4654 4.1312 0.0 0.005 0.0 0.005 3 0.5 100 5
28 -83.7877 3.6461 144.7897 4.1117 0.0 0.005 0.0 0.005 3 0.5 100 5
29 -80.8165 2.8551 158.7474 3.0086 0.0 0.005 0.0 0.005 3 0.5 100 5
30 -115.485 5.1403 120.4888 5.4046 0.0 0.005 0.0 0.005 3 0.5 100 5
31 -80.235 3.3888 166.942 3.582 0.0 0.005 0.0 0.005 3 0.5 100 5
32 -123.6674 4.814 105.3901 6.3069 0.0 0.005 0.0 0.005 3 0.5 100 5
33 -116.364 4.5301 126.9772 4.6445 0.0 0.005 0.0 0.005 3 0.5 100 5
34 -97.2176 6.3195 133.7031 4.4995 0.0 0.005 0.0 0.005 3 0.5 100 5
35 -152.0291 4.0995 108.4441 4.199 0.0 0.005 0.0 0.005 3 0.5 100 5
36 -86.8006 3.3563 149.2708 3.5277 0.0 0.005 0.0 0.005 3 0.5 100 5
37 -152.0053 5.178 78.6182 6.447 0.0 0.005 0.0 0.005 3 0.5 100 5
38 -108.1391 3.3841 127.4329 4.0929 0.0 0.005 0.0 0.005 3 0.5 100 5
39 -90.0209 2.9667 150.2949 3.1804 0.0 0.005 0.0 0.005 3 0.5 100 5
40 -197.4478 4.5929 58.9762 6.5804 0.0 0.005 0.0 0.005 3 0.5 100 5
41 -164.6635 3.9345 78.6186 4.7208 0.0 0.005 0.0 0.005 3 0.5 100 5
42 -123.3004 3.0529 104.3492 3.6954 0.0 0.005 0.0 0.005 3 0.5 100 5
43 -202.2043 5.2187 68.2957 5.2569 0.0 0.005 0.0 0.005 3 0.5 100 5
44 -106.3632 3.4783 118.0044 3.9757 0.0 0.005 0.0 0.005 3 0.5 100 5
45 -89.0892 3.3301 160.4068 3.712 0.0 0.005 0.0 0.005 3 0.5 100 5
46 -84.957 2.8851 168.1617 3.178 0.0 0.005 0.0 0.005 3 0.5 100 5
47 -93.8177 3.2756 126.0702 3.8635 0.0 0.005 0.0 0.005 3 0.5 100 5
48 -72.1461 3.1375 184.3099 3.025 0.0 0.005 0.0 0.005 3 0.5 100 5
49 -81.7441 3.2464 162.809 2.9834 0.0 0.005 0.0 0.005 3 0.5 100 5
50 -76.5714 2.8863 175.1008 2.9542 0.0 0.005 0.0 0.005 3 0.5 100 5
51 -115.5045 5.0941 92.3664 5.7166 0.0 0.005 0.0 0.005 3 0.5 100 5
52 -44.2495 1.9485 214.1885 1.8205 0.0 0.005 0.0 0.005 3 0.5 100 5
53 -78.5944 4.4853 159.4672 3.8208 0.0 0.005 0.0 0.005 3 0.5 100 5
54 -88.2167 3.9919 119.8119 4.0471 0.0 0.005 0.0 0.005 3 0.5 100 5
55 -69.578 3.271 176.4235 3.026 0.0 0.005 0.0 0.005 3 0.5 100 5
56 -58.0463 2.567 193.2411 2.6225 0.0 0.005 0.0 0.005 3 0.5 100 5
57 -32.851 2.0005 219.4277 1.9919 0.0 0.005 0.0 0.005 3 0.5 100 5
58 -25.3645 2.0648 223.9551 2.0487 0.0 0.005 0.0 0.005 3 0.5 100 5
59 -67.7028 4.2885 126.8826 4.4811 0.0 0.005 0.0 0.005 3 0.5 100 5
60 -63.2015 5.0408 146.0871 4.6083 0.0 0.005 0.0 0.005 3 0.5 100 5
61 -53.9905 3.3283 181.6346 2.8143 0.0 0.005 0.0 0.005 3 0.5 100 5
62 -47.6863 4.2013 191.2652 3.3732 0.0 0.005 0.0 0.005 3 0.5 100 5
63 -2.7634 1.9781 220.045 2.0027 0.0 0.005 0.0 0.005 3 0.5 100 5
64 -29.0271 2.6847 199.1881 2.3631 0.0 0.005 0.0 0.005 3 0.5 100 5
65 -44.584 5.6628 148.5346 5.4762 0.0 0.005 0.0 0.005 3 0.5 100 5
66 12.0764 1.8632 218.2298 1.7665 0.0 0.005 0.0 0.005 3 0.5 100 5
67 31.9067 2.1054 205.3517 1.9727 0.0 0.005 0.0 0.005 3 0.5 100 5
68 -61.0891 4.5194 94.4964 5.8871 0.0 0.005 0.0 0.005 3 0.5 100 5
69 -33.6701 3.6582 182.7678 2.8894 0.0 0.005 0.0 0.005 3 0.5 100 5
70 27.2797 3.9418 98.7398 5.0357 0.0 0.005 0.0 0.005 3 0.5 100 5
71 -18.2058 4.4173 177.926 3.7212 0.0 0.005 0.0 0.005 3 0.5 100 5
72 30.6426 3.7387 174.406 3.3193 0.0 0.005 0.0 0.005 3 0.5 100 5
73 26.5836 3.7866 150.5075 3.4506 0.0 0.005 0.0 0.005 3 0.5 100 5
74 8.2438 4.5145 184.7406 3.9582 0.0 0.005 0.0 0.005 3 0.5 100 5
75 -29.9906 4.7499 113.3712 5.7294 0.0 0.005 0.0 0.005 3 0.5 100 5
76 38.8526 2.3374 215.9324 2.2743 0.0 0.005 0.0 0.005 3 0.5 100 5
77 -152.4699 4.5772 56.8985 7.4065 0.0 0.005 0.0 0.005 3 0.5 100 5
78 -215.4887 5.3351 52.263 8.6916 0.0 0.005 0.0 0.005 3 0.5 100 5
79 -21.3736 4.4817 152.6953 4.6545 0.0 0.005 0.0 0.005 3 0.5 100 5
80 -22.547 5.3371 173.5651 4.3864 0.0 0.005 0.0 0.005 3 0.5 100 5
81 -8.4506 5.3575 141.9945 4.5863 0.0 0.005 0.0 0.005 3 0.5 100 5
82 -10.0022 4.5097 172.0281 3.6832 0.0 0.005 0.0 0.005 3 0.5 100 5
83 40.264 2.1933 205.6555 2.0927 0.0 0.005 0.0 0.005 3 0.5 100 5
84 15.8102 3.9849 174.0439 3.3692 0.0 0.005 0.0 0.005 3 0.5 100 5
85 -3.473 5.1987 107.6294 5.8254 0.0 0.005 0.0 0.005 3 0.5 100 5
86 18.2455 4.2351 161.8517 3.8793 0.0 0.005 0.0 0.005 3 0.5 100 5
87 57.4326 2.4826 196.8186 2.41 0.0 0.005 0.0 0.005 3 0.5 100 5
88 47.2425 2.892 186.7707 2.8471 0.0 0.005 0.0 0.005 3 0.5 100 5
89 52.9524 2.2301 200.0712 2.2151 0.0 0.005 0.0 0.005 3 0.5 100 5
90 29.0662 4.0063 160.6432 4.4349 0.0 0.005 0.0 0.005 3 0.5 100 5
91 43.9889 2.6616 183.6424 2.6172 0.0 0.005 0.0 0.005 3 0.5 100 5
92 7.1478 4.8599 137.6414 4.656 0.0 0.005 0.0 0.005 3 0.5 100 5
93 55.177 2.6169 186.9 2.6138 0.0 0.005 0.0 0.005 3 0.5 100 5
94 42.4254 2.8458 170.4168 3.1054 0.0 0.005 0.0 0.005 3 0.5 100 5
95 18.4701 6.7487 133.1654 6.8304 0.0 0.005 0.0 0.005 3 0.5 100 5
96 58.8427 2.8283 166.5236 2.8914 0.0 0.005 0.0 0.005 3 0.5 100 5
97 32.787 4.9906 155.0763 4.6464 0.0 0.005 0.0 0.005 3 0.5 100 5
98 19.7788 3.4676 117.7111 4.2497 0.0 0.005 0.0 0.005 3 0.5 100 5
99 41.2029 3.4719 168.4311 3.2986 0.0 0.005 0.0 0.005 3 0.5 100 5
100 70.8889 2.8685 175.7109 2.849 0.0 0.005 0.0 0.005 3 0.5 100 5
101 64.8435 2.8009 160.6799 2.7009 0.0 0.005 0.0 0.005 3 0.5 100 5
102 72.9922 2.7511 168.4247 2.8257 0.0 0.005 0.0 0.005 3 0.5 100 5
103 37.6931 7.0411 162.9298 6.1093 0.0 0.005 0.0 0.005 3 0.5 100 5
104 27.7997 6.4427 100.1016 7.0337 0.0 0.005 0.0 0.005 3 0.5 100 5
105 42.1925 5.7607 142.8614 5.2988 0.0 0.005 0.0 0.005 3 0.5 100 5
106 50.8404 2.999 146.5576 3.4526 0.0 0.005 0.0 0.005 3 0.5 100 5
107 53.8816 6.1966 155.7618 5.0966 0.0 0.005 0.0 0.005 3 0.5 100 5
108 75.1281 4.4964 158.6812 3.6228 0.0 0.005 0.0 0.005 3 0.5 100 5
109 37.3892 5.0437 111.7977 5.144 0.0 0.005 0.0 0.005 3 0.5 100 5
110 59.3586 3.431 147.2909 3.625 0.0 0.005 0.0 0.005 3 0.5 100 5
111 69.3906 3.0668 156.6912 3.1537 0.0 0.005 0.0 0.005 3 0.5 100 5
112 57.9297 3.8138 123.7835 4.3508 0.0 0.005 0.0 0.005 3 0.5 100 5
113 66.7561 2.9596 152.5542 3.1442 0.0 0.005 0.0 0.005 3 0.5 100 5
114 69.4298 3.4101 135.3123 3.4784 0.0 0.005 0.0 0.005 3 0.5 100 5
115 61.2617 4.849 131.7357 4.0602 0.0 0.005 0.0 0.005 3 0.5 100 5
116 21.665 7.5538 107.161 8.4476 0.0 0.005 0.0 0.005 3 0.5 100 5
117 72.4408 3.6379 144.5218 3.7338 0.0 0.005 0.0 0.005 3 0.5 100 5
118 67.1127 4.8638 129.6301 4.1441 0.0 0.005 0.0 0.005 3 0.5 100 5
119 67.5136 4.7853 137.6122 4.5261 0.0 0.005 0.0 0.005 3 0.5 100 5
120 60.3999 4.9736 115.8751 5.5426 0.0 0.005 0.0 0.005 3 0.5 100 5
121 79.2238 3.3822 152.1514 3.372 0.0 0.005 0.0 0.005 3 0.5 100 5
122 79.8066 4.1267 135.5783 4.6901 0.0 0.005 0.0 0.005 3 0.5 100 5
123 82.9952 3.6631 140.5953 3.6093 0.0 0.005 0.0 0.005 3 0.5 100 5
124 85.9722 3.6392 133.3978 3.5693 0.0 0.005 0.0 0.005 3 0.5 100 5
125 84.0296 3.2993 152.0775 3.3261 0.0 0.005 0.0 0.005 3 0.5 100 5
126 90.6579 4.4631 141.5626 4.5502 0.0 0.005 0.0 0.005 3 0.5 100 5
127 77.0992 3.7547 126.353 4.3259 0.0 0.005 0.0 0.005 3 0.5 100 5
128 73.8801 4.6096 126.6752 4.3095 0.0 0.005 0.0 0.005 3 0.5 100 5
129 93.0022 3.7967 115.4169 4.4193 0.0 0.005 0.0 0.005 3 0.5 100 5
130 53.4276 4.6215 110.0992 5.6403 0.0 0.005 0.0 0.005 3 0.5 100 5
131 98.1404 3.4293 134.0552 3.7377 0.0 0.005 0.0 0.005 3 0.5 100 5
132 99.689 5.3018 124.7012 4.8786 0.0 0.005 0.0 0.005 3 0.5 100 5
133 87.2014 4.5388 98.2814 5.2721 0.0 0.005 0.0 0.005 3 0.5 100 5
134 99.7512 4.076 129.6758 4.2443 0.0 0.005 0.0 0.005 3 0.5 100 5
135 101.3816 6.6489 104.3616 6.8076 0.0 0.005 0.0 0.005 3 0.5 100 5
136 93.8428 5.5828 125.6737 5.1004 0.0 0.005 0.0 0.005 3 0.5 100 5
137 88.5377 6.215 125.0646 5.1352 0.0 0.005 0.0 0.005 3 0.5 100 5
138 83.5245 3.5661 117.6799 3.7398 0.0 0.005 0.0 0.005 3 0.5 100 5
139 102.0751 4.1575 109.2731 4.4547 0.0 0.005 0.0 0.005 3 0.5 100 5
140 97.3282 4.9919 128.3343 4.4056 0.0 0.005 0.0 0.005 3 0.5 100 5
141 112.2471 4.6657 119.3019 5.0147 0.0 0.005 0.0 0.005 3 0.5 100 5
142 136.8294 4.5934 107.5522 4.9049 0.0 0.005 0.0 0.005 3 0.5 100 5
143 130.3479 8.6243 119.4998 4.3771 0.0 0.005 0.0 0.005 3 0.5 100 5
144 142.0869 13.3664 95.5229 6.7464 0.0 0.005 0.0 0.005 3 0.5 100 5
145 111.6049 4.8763 120.454 4.4527 0.0 0.005 0.0 0.005 3 0.5 100 5
146 120.9348 3.9434 107.9628 4.4038 0.0 0.005 0.0 0.005 3 0.5 100 5
147 123.2916 5.2241 110.2003 5.0809 0.0 0.005 0.0 0.005 3 0.5 100 5
148 146.468 5.5686 102.5112 4.2288 0.0 0.005 0.0 0.005 3 0.5 100 5
149 185.5138 6.2494 78.0394 4.6495 0.0 0.005 0.0 0.005 3 0.5 100 5
150 153.1489 4.2502 89.5659 4.0578 0.0 0.005 0.0 0.005 3 0.5 100 5
151 114.6925 5.827 100.1592 6.2472 0.0 0.005 0.0 0.005 3 0.5 100 5
152 197.743 3.9056 65.0177 5.4738 0.0 0.005 0.0 0.005 3 0.5 100 5
