dev_tests/NGC6278_input/stellar_pops.ecsv
# %ECSV 1.0
# ---
# datatype:
# - {name: vbin_id, datatype: int64}
# - {name: t, datatype: float64}
# - {name: dt, datatype: float64}
# - {name: Z, datatype: float64}
# - {name: dt_1, datatype: float64}
# meta: !!omap
# - PSF:
#     sigma: [1.06]
#     weight: [1.0]
# schema: astropy-2.0
vbin_id t dt Z dt_1
1 -44.7518 2.0988 211.7829 1.9654
2 -69.2798 2.3608 188.883 2.1766
3 -70.8007 3.9338 177.095 3.7142
4 -47.9191 3.4617 184.1865 3.0684
5 -30.5932 2.386 208.2472 2.2207
6 -76.5504 5.5494 162.3144 4.572
7 -49.8285 4.4211 174.0705 3.6461
8 -35.7514 3.5335 180.28 3.3672
9 -75.4144 3.5041 139.9438 3.9235
10 -43.617 4.1029 175.4291 3.7975
11 -80.8035 4.942 150.4998 4.1311
12 -0.6747 3.1619 193.1385 2.6654
13 -27.9752 5.4621 173.8336 4.8414
14 -9.841 2.2988 216.2178 2.4602
15 6.9234 2.4226 211.2376 2.5402
16 -37.3948 5.4052 146.12 4.9705
17 -49.3895 4.3269 126.9765 5.232
18 -10.9504 5.3324 156.5509 4.9735
19 11.2327 3.2457 156.0131 3.6181
20 -4.9067 5.2247 130.4659 5.6089
21 12.5849 3.3712 174.9767 3.1878
22 33.0457 2.3093 188.0035 2.2868
23 14.7337 3.9 118.0887 4.297
24 -42.7923 9.0532 103.6525 9.6436
25 4.853 5.8248 110.412 7.0861
26 -84.8522 5.1331 86.7577 6.6175
27 -84.5997 3.5237 120.4654 4.1312
28 -83.7877 3.6461 144.7897 4.1117
29 -80.8165 2.8551 158.7474 3.0086
30 -115.485 5.1403 120.4888 5.4046
31 -80.235 3.3888 166.942 3.582
32 -123.6674 4.814 105.3901 6.3069
33 -116.364 4.5301 126.9772 4.6445
34 -97.2176 6.3195 133.7031 4.4995
35 -152.0291 4.0995 108.4441 4.199
36 -86.8006 3.3563 149.2708 3.5277
37 -152.0053 5.178 78.6182 6.447
38 -108.1391 3.3841 127.4329 4.0929
39 -90.0209 2.9667 150.2949 3.1804
40 -197.4478 4.5929 58.9762 6.5804
41 -164.6635 3.9345 78.6186 4.7208
42 -123.3004 3.0529 104.3492 3.6954
43 -202.2043 5.2187 68.2957 5.2569
44 -106.3632 3.4783 118.0044 3.9757
45 -89.0892 3.3301 160.4068 3.712
46 -84.957 2.8851 168.1617 3.178
47 -93.8177 3.2756 126.0702 3.8635
48 -72.1461 3.1375 184.3099 3.025
49 -81.7441 3.2464 162.809 2.9834
50 -76.5714 2.8863 175.1008 2.9542
51 -115.5045 5.0941 92.3664 5.7166
52 -44.2495 1.9485 214.1885 1.8205
53 -78.5944 4.4853 159.4672 3.8208
54 -88.2167 3.9919 119.8119 4.0471
55 -69.578 3.271 176.4235 3.026
56 -58.0463 2.567 193.2411 2.6225
57 -32.851 2.0005 219.4277 1.9919
58 -25.3645 2.0648 223.9551 2.0487
59 -67.7028 4.2885 126.8826 4.4811
60 -63.2015 5.0408 146.0871 4.6083
61 -53.9905 3.3283 181.6346 2.8143
62 -47.6863 4.2013 191.2652 3.3732
63 -2.7634 1.9781 220.045 2.0027
64 -29.0271 2.6847 199.1881 2.3631
65 -44.584 5.6628 148.5346 5.4762
66 12.0764 1.8632 218.2298 1.7665
67 31.9067 2.1054 205.3517 1.9727
68 -61.0891 4.5194 94.4964 5.8871
69 -33.6701 3.6582 182.7678 2.8894
70 27.2797 3.9418 98.7398 5.0357
71 -18.2058 4.4173 177.926 3.7212
72 30.6426 3.7387 174.406 3.3193
73 26.5836 3.7866 150.5075 3.4506
74 8.2438 4.5145 184.7406 3.9582
75 -29.9906 4.7499 113.3712 5.7294
76 38.8526 2.3374 215.9324 2.2743
77 -152.4699 4.5772 56.8985 7.4065
78 -215.4887 5.3351 52.263 8.6916
79 -21.3736 4.4817 152.6953 4.6545
80 -22.547 5.3371 173.5651 4.3864
81 -8.4506 5.3575 141.9945 4.5863
82 -10.0022 4.5097 172.0281 3.6832
83 40.264 2.1933 205.6555 2.0927
84 15.8102 3.9849 174.0439 3.3692
85 -3.473 5.1987 107.6294 5.8254
86 18.2455 4.2351 161.8517 3.8793
87 57.4326 2.4826 196.8186 2.41
88 47.2425 2.892 186.7707 2.8471
89 52.9524 2.2301 200.0712 2.2151
90 29.0662 4.0063 160.6432 4.4349
91 43.9889 2.6616 183.6424 2.6172
92 7.1478 4.8599 137.6414 4.656
93 55.177 2.6169 186.9 2.6138
94 42.4254 2.8458 170.4168 3.1054
95 18.4701 6.7487 133.1654 6.8304
96 58.8427 2.8283 166.5236 2.8914
97 32.787 4.9906 155.0763 4.6464
98 19.7788 3.4676 117.7111 4.2497
99 41.2029 3.4719 168.4311 3.2986
100 70.8889 2.8685 175.7109 2.849
101 64.8435 2.8009 160.6799 2.7009
102 72.9922 2.7511 168.4247 2.8257
103 37.6931 7.0411 162.9298 6.1093
104 27.7997 6.4427 100.1016 7.0337
105 42.1925 5.7607 142.8614 5.2988
106 50.8404 2.999 146.5576 3.4526
107 53.8816 6.1966 155.7618 5.0966
108 75.1281 4.4964 158.6812 3.6228
109 37.3892 5.0437 111.7977 5.144
110 59.3586 3.431 147.2909 3.625
111 69.3906 3.0668 156.6912 3.1537
112 57.9297 3.8138 123.7835 4.3508
113 66.7561 2.9596 152.5542 3.1442
114 69.4298 3.4101 135.3123 3.4784
115 61.2617 4.849 131.7357 4.0602
116 21.665 7.5538 107.161 8.4476
117 72.4408 3.6379 144.5218 3.7338
118 67.1127 4.8638 129.6301 4.1441
119 67.5136 4.7853 137.6122 4.5261
120 60.3999 4.9736 115.8751 5.5426
121 79.2238 3.3822 152.1514 3.372
122 79.8066 4.1267 135.5783 4.6901
123 82.9952 3.6631 140.5953 3.6093
124 85.9722 3.6392 133.3978 3.5693
125 84.0296 3.2993 152.0775 3.3261
126 90.6579 4.4631 141.5626 4.5502
127 77.0992 3.7547 126.353 4.3259
128 73.8801 4.6096 126.6752 4.3095
129 93.0022 3.7967 115.4169 4.4193
130 53.4276 4.6215 110.0992 5.6403
131 98.1404 3.4293 134.0552 3.7377
132 99.689 5.3018 124.7012 4.8786
133 87.2014 4.5388 98.2814 5.2721
134 99.7512 4.076 129.6758 4.2443
135 101.3816 6.6489 104.3616 6.8076
136 93.8428 5.5828 125.6737 5.1004
137 88.5377 6.215 125.0646 5.1352
138 83.5245 3.5661 117.6799 3.7398
139 102.0751 4.1575 109.2731 4.4547
140 97.3282 4.9919 128.3343 4.4056
141 112.2471 4.6657 119.3019 5.0147
142 136.8294 4.5934 107.5522 4.9049
143 130.3479 8.6243 119.4998 4.3771
144 142.0869 13.3664 95.5229 6.7464
145 111.6049 4.8763 120.454 4.4527
146 120.9348 3.9434 107.9628 4.4038
147 123.2916 5.2241 110.2003 5.0809
148 146.468 5.5686 102.5112 4.2288
149 185.5138 6.2494 78.0394 4.6495
150 153.1489 4.2502 89.5659 4.0578
151 114.6925 5.827 100.1592 6.2472
152 197.743 3.9056 65.0177 5.4738
